5
296 18488905
229 231 2819436 974378514
47 109 4941930 451361271
132 159 7078391 265365558
73 192 7166541 193683872
134 278 9991612 773084125
228 268 1399351 378527281
93 112 9986746 424784837
155 172 8621266 134047506
3 38 6480898 633210610
16 141 7032137 13676814
124 133 4116041 720600877
22 212 6473707 729868394
2 13 6587677 807793678
5 58 5320761 569513270
96 243 1761449 5569502
49 142 46907 28427595
138 287 2771512 986903875
27 100 9662386 469661653
38 149 5862299 610870218
19 57 6519048 598172828
34 36 6915117 825939749
45 124 5553360 297276580
16 40 5387530 125570384
30 88 5150752 353849580
62 288 8515076 388913390
1 10 4767550 867295007
60 157 9691198 555743543
191 257 801755 637735014
94 196 978879 548315200
53 214 8154263 427275486
59 72 6665765 983582368
232 249 4979740 256671026
165 176 6514717 268891510
20 210 3370331 108979522
10 12 6860444 560400789
33 92 9259130 954310942
54 59 249543 78932437
223 279 8929211 318793277
38 247 280076 191122508
93 263 8894062 414949000
20 68 688988 952659463
169 291 9949971 828608178
91 131 6068950 335813892
33 81 2430451 244533293
53 252 976204 770322168
169 206 9787849 956978914
272 274 8720451 859568935
73 174 9301932 849180700
115 185 2891449 637384453
83 98 5717454 859767704
38 208 1325355 680852841
85 101 1819978 300261034
34 93 8526389 815883731
63 153 8384120 761945536
51 173 4271613 284522888
42 44 5313205 607704108
1 3 6943911 709992651
23 63 9239055 131202597
201 226 2360979 340885254
21 31 5321997 15514748
102 167 2566432 67427293
34 46 4998976 26877015
79 163 9367721 836003017
51 211 7847878 836405489
64 187 4625324 165669140
4 45 4140926 230269602
5 25 1494865 864067671
16 73 9580896 896377728
6 30 9771784 577428852
72 87 1043363 102363644
35 151 186680 791287079
63 186 1422437 324681673
33 240 5340130 842290530
237 258 2609036 390343694
68 296 6055137 528329757
31 216 6561262 121313007
74 111 6393541 898888144
20 246 7486236 708555141
114 236 5463811 589180782
42 253 4223029 592610259
158 190 2496682 424390379
89 123 2056029 615173155
54 55 501766 263854839
56 83 7559103 490089857
18 28 8882011 859485584
10 69 8540618 312725304
163 221 7007425 111356206
25 116 9151497 326679284
11 16 646438 570562301
245 273 216151 860288481
6 7 2623863 893073554
5 9 5010814 362562120
71 94 1745390 215330539
32 82 429547 519335160
71 77 2152416 971644289
40 76 6394112 549653760
65 86 3332071 246416708
24 292 335419 645453555
4 5 1518026 32920210
46 117 5581296 604209150
4 15 3124000 860679449
52 161 803071 826472036
13 41 1529321 964024453
2 65 1498434 597567043
23 51 7101550 402178489
85 164 9603942 491155143
68 104 2387037 293629558
85 280 6479852 129980382
29 146 7349600 189016222
120 122 2416147 858906446
54 62 6052443 823400258
98 103 4570275 457489087
91 177 3820769 912701301
50 188 5931948 424612036
1 19 1832735 791578217
9 265 1319272 858466405
155 251 9514375 601156104
116 127 6573110 225930466
49 50 6016030 159816399
6 205 2476971 693228627
74 105 2112722 60117071
222 277 7493447 719846356
39 264 1400410 356389721
48 229 17480 396366964
110 238 2775364 622974077
95 234 773021 632630337
52 70 2765927 224377119
33 115 6600757 602176694
101 282 2504166 378523470
93 126 4096057 806092665
53 286 6033269 439173696
66 255 7272052 146520524
73 102 2081773 360120869
200 220 8237330 405023464
12 56 2366951 85950847
24 191 1654058 133594932
112 150 2606810 331860994
8 35 5324909 657791727
98 228 5346661 972368364
92 107 6573802 393157992
166 182 1101563 103875483
58 170 4343404 708019096
45 106 3495695 144442816
154 203 3489519 764369645
8 17 581459 883167102
16 32 1344746 560125789
27 156 6122124 956473400
26 138 6992169 642521867
110 120 446837 770696386
30 217 7704725 988630691
7 39 826706 404879429
100 227 1912740 462622113
187 259 3851847 664660184
2 37 5896097 609373420
37 54 3392998 310830939
210 239 9743843 705766611
96 144 7148536 718571151
66 129 5105647 593812480
41 66 2734136 804620555
91 209 9079357 672745727
226 293 1629936 608339833
51 155 4322865 148668023
34 53 6241810 417362325
147 197 5348993 842040465
218 235 2456329 161735596
3 26 655267 731635297
62 194 1718824 113575222
30 158 9785573 688834796
189 242 8193570 534833407
1 4 1101369 192292129
141 271 1381356 614698479
12 125 2766138 488065812
9 52 6599870 497982350
126 213 6059851 120081941
4 11 7242510 387141128
66 232 4677555 385029451
266 270 2971912 42059557
71 137 952393 15398868
195 284 6796967 485869313
105 139 2388410 368267141
35 128 6472986 748635666
14 33 19863 907284697
63 272 939612 6907333
76 248 7756243 483710254
24 215 3927962 965517726
14 80 4335993 560835943
52 60 7821093 318641724
27 96 7726568 199868430
50 85 5256592 837696123
5 21 4225384 686151285
27 47 440543 381932003
49 223 209440 998884274
133 283 4593912 414000498
3 90 6718850 570408037
113 289 2116749 678166985
191 233 9749029 453895889
69 108 2365315 327961887
93 179 2876218 451969984
151 281 1843597 473243954
149 175 9240627 674410186
71 202 9320880 557011470
45 48 2765977 241010131
113 168 3855772 744194087
2 6 8423169 504648511
76 97 247794 110965307
6 275 5611141 655329925
199 290 7408166 881732040
107 160 2132932 456398471
116 165 8498234 765647516
24 178 477453 971845264
35 189 150383 786839849
48 119 536050 702312764
12 114 6940635 175183782
158 180 5825634 64592180
189 294 9692360 625790309
24 193 1371783 698860362
5 89 402075 941593323
14 42 8712725 351871887
67 71 8008816 157515198
57 95 3907392 973442385
97 136 3753529 662556471
79 166 7360528 368303214
256 261 788381 33784281
5 152 8585006 693537643
56 140 3563672 836969867
8 14 6757937 494089699
245 250 7020226 546880587
125 134 9685555 647252261
46 200 1133227 744605370
100 276 6525523 652061656
80 91 1720738 245695725
58 67 1675343 329193584
92 198 2457384 447760503
7 22 6587308 679932167
51 219 1107916 720244921
29 43 6628114 726485503
62 132 3558040 805738862
105 110 7768221 319132458
124 295 9363341 647803794
95 99 9076498 306433929
73 147 1566450 427970466
181 183 5791862 242214273
183 230 1099054 217898682
109 222 5797104 393512129
41 245 6013453 854069236
181 285 8110998 841207471
71 84 310928 870308134
3 162 9868496 814053974
72 78 4129914 5086839
181 267 2220320 25256807
159 244 8500910 319704503
30 224 3879500 870724913
258 269 1116888 482027409
142 195 6747816 379690663
27 49 3231850 204172403
10 171 9865118 36502747
201 241 188587 762031147
9 27 8913484 536695864
64 169 8360190 702482054
1 20 345210 708545213
20 130 492681 486727309
125 254 8079918 248821856
3 61 5079450 378983406
82 113 6253680 812930808
41 225 328391 899054701
147 201 9283079 180469141
58 148 1108541 958427311
83 135 2752700 527384271
2 29 4856181 875039815
42 79 9599724 811501901
56 118 3580130 441074570
26 121 9988574 414722947
167 260 3230122 959668615
149 184 5122393 939807940
60 64 8268949 711699328
146 207 7267881 249538822
79 204 6443579 119914927
208 266 203816 788031454
132 199 5514958 436655103
23 24 111451 221335889
6 75 2152932 15548686
122 218 5805214 615116880
37 145 9743140 112369275
38 154 3632335 32966098
229 256 6412285 21278171
183 237 6313204 797167423
113 143 1341801 242709259
6 34 9731550 723364038
3 18 1231129 696104537
1 2 9454005 387656451
34 74 7218667 704440030
2 8 2978959 24315816
227 262 395100 517366822
18 23 8804240 473787131
166 181 9521288 121673446
295 317943155
5 8 2675868 330882292
99 208 6947104 296353216
174 191 9507127 200330272
40 175 5073289 899629625
123 159 5788672 540315531
38 249 1365979 238037940
6 179 7703995 885927028
22 128 8225233 2796966
199 263 9231761 92446020
141 187 5994742 302182114
116 212 2614994 108104757
67 255 9599867 101438411
62 293 2799684 144452071
8 11 8298996 844777572
35 95 4531407 46075678
115 274 5067928 111212738
90 167 9272196 764775689
80 279 4332809 479608494
213 230 9435400 804551170
110 144 1665327 553225407
55 114 192575 961914941
1 40 8949021 884416987
1 147 3389057 323925379
162 195 1761702 800226397
144 190 3089456 895652967
46 49 8340034 29087574
211 257 6246945 946610295
2 4 3875702 576599328
42 170 2511163 761990706
173 205 2142996 822596511
64 155 8811675 617278114
46 163 3203888 944040771
19 118 7564640 756394092
115 254 5568698 547497022
140 222 2488624 507859662
49 152 2055967 758161366
35 273 1481083 200718976
60 232 3376535 970546944
20 38 6650654 494820486
243 292 4256931 134745510
46 240 2006238 478015058
5 130 4435857 300026849
4 154 1555821 167288508
67 98 6806714 809041219
38 253 4763947 738571466
68 148 6898555 834122555
147 215 7553985 477813878
51 87 463661 678080411
45 62 8001000 830431710
39 164 3329419 765203285
119 133 3274042 867717671
19 22 9968001 666964739
96 165 6872156 971175191
61 244 903585 438111139
19 33 4090543 792196462
4 102 5287128 670359999
4 54 1425399 732973153
2 176 3433079 873361032
35 60 427931 113701747
25 284 1686173 191331657
64 124 1816270 158710124
152 194 8094956 705133176
51 143 5896797 747857817
64 108 2793592 998302287
19 91 321643 543022833
50 99 8100486 678569919
244 247 6074403 501801676
71 72 8046308 678262403
25 174 5663693 846271658
90 100 1897220 109760599
2 140 1487279 98151028
98 109 5392019 906673617
6 7 8802999 853436819
18 44 8448473 745438771
125 294 9118731 437876402
6 35 6501 975259338
147 173 3878722 505192463
140 256 1940075 198739799
225 252 9462587 158661920
182 225 9972362 22374826
10 57 1647541 863907695
14 28 4869641 932784837
9 101 3957157 971455429
237 283 5101566 311352848
21 69 8134075 775319518
229 258 7519322 910602180
108 221 5982123 25537297
34 103 4343169 764634812
25 210 5735258 689162819
6 172 6429093 209254423
154 199 4777496 302708723
131 198 6887405 165865897
30 228 2405377 568407143
20 55 2272415 704331323
9 77 7793877 979769943
175 238 8220470 872463930
3 153 5976656 786992920
3 39 5316834 455533618
114 115 1960387 988796349
92 96 4389231 950929163
99 177 6904692 568955706
65 107 6053520 4031002
21 59 4904335 850188087
59 71 8353915 3232860
128 211 6182325 19734079
51 206 1287679 283746128
72 189 3889112 719776570
58 220 6319970 285195402
65 80 7480877 810136372
5 16 6633538 690204297
77 180 7747018 329068521
1 3 431940 605062780
3 5 9815493 656893119
142 161 5416111 262352382
223 262 5090748 58600352
27 131 1174039 640892276
5 9 5138373 140345617
170 186 2589150 882781386
23 53 6794805 185681037
98 134 5349551 988713439
177 251 896118 186994186
53 56 7094465 811735331
82 112 4801215 52058129
53 196 8269197 363340881
49 81 2392261 101610361
163 223 3172032 865894071
102 145 1852515 691784715
69 116 9003206 742895766
181 291 5413920 519575975
130 158 2257532 934296154
83 295 6317483 673990128
25 157 1454198 877899895
14 66 5005610 638437925
262 265 8612178 879941554
141 246 9197596 756646143
172 266 3083498 409097821
116 239 6122993 972364692
6 217 9707056 700001548
100 289 1929378 211061625
198 250 2541538 825489064
57 168 2600122 823905159
79 135 7320903 89992936
57 132 8161815 862751628
135 150 2341936 317681445
96 282 3033349 237888917
149 184 9360018 155719912
41 117 2103614 547267891
48 94 7638214 631689714
1 12 278025 248941853
1 51 5186712 944700945
4 45 4208140 368837626
27 90 9230401 122235310
86 275 6473887 880532110
119 123 324967 185560398
195 218 3771712 192356573
2 85 9816067 332936179
36 52 5588978 387929166
34 200 7546368 352529120
6 26 7436552 271555218
11 18 908627 60165468
25 58 1929633 764386976
85 204 3725884 66183915
119 142 7671209 498638993
258 267 2027890 875476946
173 270 6718391 486889933
137 209 7706341 420254647
48 50 4360789 916250667
13 151 3357638 73523563
47 188 8695637 384794111
20 65 8868666 87832992
228 242 933427 522358880
56 73 2327090 961126228
69 181 904888 281471467
83 197 4300293 974640935
29 227 2842603 108975446
9 20 5504975 939676315
228 269 9014255 485384031
26 79 7073966 373889554
11 34 5304941 360246189
114 280 8376724 486579604
73 84 5208888 89932939
3 24 4573486 208384477
77 86 4223563 338295320
105 272 6311535 588316544
48 89 2289839 381276979
2 110 4618438 644174116
25 61 8845040 738831379
55 76 7651779 623016142
99 122 6415936 605800441
106 129 6118213 966162856
165 264 4060805 442934225
88 120 7334442 570816224
42 64 8613443 726452811
7 15 5285331 223691295
144 201 5998999 238197584
79 106 1602884 501213281
11 30 2327788 809545213
113 286 2684211 123780903
70 231 4611732 192070543
118 125 7379426 597801318
207 259 575556 686360
258 261 736453 865895270
120 126 3874895 622524218
64 67 809516 113463211
100 139 541857 816651140
22 25 61167 631608012
9 19 6976769 369630343
20 156 403074 273473801
33 88 8077907 171561388
51 127 2738846 643922931
218 268 4219871 759045624
17 37 4851369 248947810
89 229 3258305 605934784
48 75 1640584 505512605
89 97 495269 393293212
1 138 3071193 789069808
4 32 8121415 75560021
91 183 8847657 20617391
88 182 7145715 277398048
8 83 6614718 532333437
224 276 260495 907975224
3 10 7335976 731805185
83 219 2034991 339935507
119 290 1666932 583525125
37 213 9745634 409754862
152 169 9824412 700664521
63 260 5429326 976390318
48 193 5722918 136047013
95 105 4780381 142895291
7 21 8016388 855928761
14 149 2312163 59703822
45 235 4214624 459994033
1 2 2734552 486514086
6 13 447928 112536629
103 271 9644247 141181015
22 78 5786000 982106731
29 42 3914810 372215678
71 248 4756062 96810869
63 166 9881004 621492927
62 146 6061147 546067723
3 70 1836442 532138829
33 233 6181111 444412155
37 104 5505032 673566299
50 202 6855278 280745103
34 121 8065204 57338591
52 245 9613989 896230355
10 31 9274593 187755167
9 23 6640731 272596105
23 178 7137474 417559167
27 92 9585609 263284196
101 119 2601510 228117457
22 82 1242291 97402595
58 278 1010494 291362305
65 216 4917463 200756742
80 185 7094303 561583342
120 207 823036 714439358
85 234 1233931 234181337
57 243 4043918 557550068
2 29 7896095 340561625
66 241 3508810 96776012
15 36 2243279 13191849
14 224 203075 291621754
105 214 3879549 998695261
96 113 9056157 590996126
45 47 5054666 743991593
90 237 2258519 230638861
120 141 9995536 113923994
75 111 2688195 585141903
42 236 6466299 320998705
33 41 5005381 304340255
7 14 730064 686673652
32 43 4601082 518051759
16 48 3615707 203321777
282 288 2163328 735540980
129 192 6383888 858427421
21 137 3487168 54037271
18 27 8307930 796786946
29 68 4244634 144077417
26 162 7923177 864902938
226 281 1094361 186071007
195 285 7987660 994459730
3 277 7148023 386301990
79 171 5382069 349281568
207 287 3929180 846536497
1 6 407265 439630065
49 74 7384192 925089307
1 17 3160252 811723521
32 46 3992189 532759809
119 203 331752 597218390
20 63 9019053 45605736
132 136 7082948 523984604
165 226 3051501 19699836
148 160 4486621 402432458
65 93 3089091 405366431
300 124802233
28 34 8626196 576861567
3 190 1923404 169044919
164 267 7970322 591715150
45 251 2704344 906353514
71 93 4829413 165506516
119 247 6915044 897148838
36 183 790900 662244055
15 266 7695795 677406196
21 121 8939496 433058657
20 197 1162453 552233681
183 208 2693803 588200947
180 255 1298995 765992075
4 10 326417 411003808
28 97 4362594 955452252
1 3 9447655 138715307
113 143 3351411 776612029
97 168 785905 302767315
75 223 4601551 198734694
76 174 5971937 806973409
99 277 7699283 575705627
21 141 4616375 85596369
36 230 4892077 590507691
35 48 4527768 120639354
2 73 3121293 897000491
43 274 140998 113358191
29 55 3328739 482189507
93 264 6134018 984488301
238 240 2583356 281936623
148 206 4016878 751062414
112 213 2873786 366414523
38 45 9312940 734606803
258 279 9452091 852890316
79 198 9236624 434001590
153 284 1517124 573760536
42 205 5762131 658234765
7 238 3720112 107651914
28 289 3553123 5219179
39 211 4088735 342210053
84 139 8778053 359792557
15 79 6933377 411597263
74 118 3632588 710031887
23 35 3978147 978877277
92 106 7808457 973365226
19 56 8885085 773382159
114 162 4391622 992282784
21 281 8427366 975770172
119 146 4762664 534922949
8 65 2233765 693158148
36 151 9057131 981868113
27 166 3948843 831645595
18 171 1394928 843867279
107 158 4787721 2330271
22 219 7221005 864946371
76 130 9856450 861619027
4 40 2409780 549199504
96 236 6622626 25260365
7 18 3212968 103691353
84 272 8676270 471540704
76 259 2095295 651306362
20 94 9492843 384841060
116 161 7076215 593878782
124 147 5891995 190856768
64 90 1358351 755658305
21 28 7878271 481873311
31 292 5939201 186220376
74 80 822788 513317942
23 42 3722534 974652606
163 227 4259441 689754442
33 105 1636942 606938901
17 24 8327239 610314882
1 186 3310311 233695727
33 153 5012383 245972007
23 123 7217126 339406116
57 280 8163738 895124479
20 217 6363347 182599229
2 182 6688685 3594013
18 76 7740473 519745227
8 86 5590412 521862934
2 181 485465 700808628
9 21 9880445 929077641
114 201 9054168 247147392
13 50 8167146 976728444
55 232 2528427 422403121
1 2 6832993 351867706
16 293 7009277 869745086
20 26 5952315 552792735
21 37 4027185 459657562
65 75 5474965 183949655
143 246 6879246 327211475
176 244 9638051 892991861
138 177 9117764 347526557
147 159 2202300 56006641
155 273 7079029 674344065
8 23 8804417 180257946
33 60 5619474 546015308
179 196 6157614 486675305
78 270 3001005 283061360
113 263 9394231 934241684
11 25 5180023 310352663
97 216 9356061 178499367
69 129 2560058 635497047
242 252 4009811 543986968
8 43 6432103 80639025
155 256 5486046 425897962
55 71 6725679 61000504
104 137 4694873 812974502
13 140 5322938 636554727
3 36 1261990 504069783
6 11 7959794 923461408
48 133 4789495 321526881
136 138 2033569 477088892
207 286 3553392 944363828
26 155 5250992 231103516
84 107 6847487 568509845
36 110 9586940 331016021
114 152 8185489 876397604
254 288 7430935 388647930
42 192 5441180 423211150
7 8 1173666 810368628
144 188 2262240 365444060
182 296 9625792 179883760
112 194 9202541 729389863
121 224 4704478 39076734
158 176 2145044 75250896
7 254 4544265 74037485
64 243 4753094 451102043
176 193 2609362 512372234
17 66 5963685 834286485
141 237 9723554 501809113
165 220 5592105 179671543
11 189 7846912 353809574
42 253 7563903 197106883
21 91 4570795 191804861
7 78 2803068 834591753
71 210 5025002 695843688
282 300 9101403 701479777
57 234 822090 628783654
31 250 1681916 786724460
78 95 5644901 359771769
110 249 1847899 711904218
72 262 5296131 291735303
190 218 8652379 331932342
118 132 342097 345357286
68 165 74990 866149774
7 102 3415520 883535956
40 108 2337776 994454795
132 215 1076766 535302710
25 154 5182723 260824740
59 127 5232570 595151216
6 7 6440746 202382965
51 157 1927922 606704257
148 203 3409943 220778811
130 245 8831918 852638084
17 52 4121023 20352328
160 231 4677421 845103248
1 51 9145281 438690301
13 19 2084255 461371459
79 295 3460767 704558537
44 84 1421208 725360668
13 299 1719007 42752720
9 72 5578470 131592510
60 170 9585965 738214503
109 179 7926647 390750629
8 88 9016206 168808636
47 136 5007592 904912026
263 278 8143659 213657883
52 85 9018790 772252052
142 222 9035001 382996305
10 12 887762 136031909
107 294 592336 559035230
7 17 7477138 422940002
14 22 3883648 477470852
38 49 4848197 409228166
33 61 3301808 363963666
82 209 1905876 858454499
124 185 2571802 107258882
74 81 3817284 165549711
75 248 204197 390058316
76 164 9787616 884937143
148 169 2635467 568829021
39 63 3936001 54003350
102 163 3935895 657831269
45 150 6176173 744287021
229 257 4805185 374586150
21 41 8727911 420721252
73 167 6812191 368465042
73 204 2671816 151952293
91 228 2285530 627946474
169 229 7131180 802636464
84 117 1077086 222094138
17 29 3950301 877793684
5 122 2725017 954766611
50 172 783203 35060009
145 175 7749443 957564340
2 20 3660975 274677028
29 59 6566959 922668011
30 124 8321923 696024690
37 260 8232852 445003552
1 9 974245 533283245
31 109 9717623 982282850
13 271 2379973 386905854
20 125 1991879 471537801
19 31 383878 436098262
25 135 7914827 16890192
26 69 621174 182317648
47 87 1002894 276734836
54 68 2944198 201838144
24 83 9800754 541380106
2 38 3822883 313730829
273 276 1475389 900067459
26 27 3681027 768199139
85 212 80604 250197153
73 74 5476784 784306578
87 180 6214208 448832881
58 291 8152159 766908714
35 57 9289781 302569982
80 99 4920930 169666707
3 202 5228664 620941984
79 104 9865131 500320492
39 119 2379689 102825261
76 116 2048546 341347471
156 258 915028 139048860
57 184 1937687 79569251
127 214 8120674 651510078
86 290 4656596 4267473
19 113 8073034 514467571
283 287 1272295 652905563
25 126 1868997 602037259
50 98 4487561 75353886
4 5 9607329 822533473
6 134 6311705 788021023
1 33 3134086 697722707
7 14 723141 233243563
38 39 5165782 696654413
2 54 2551938 669419960
9 67 2830003 165306526
34 191 8090482 706820671
108 298 542019 302575046
229 261 4473 584128645
186 207 4405542 259592455
38 44 574349 967260286
99 103 8522456 205679365
3 6 6418915 737580898
21 58 884212 184372566
170 226 2119158 573008318
10 111 3512134 626209800
145 235 4453816 76385359
2 156 7229515 355820525
45 114 7285179 612840719
63 275 858191 383621114
41 195 3252168 93589588
86 297 4413828 71190373
190 199 8930363 220118774
20 77 7831140 885171802
32 64 3644737 705422066
3 4 2196416 48853556
28 148 5660042 863465060
67 70 1964677 781519598
7 62 7880526 366699536
66 82 6232884 387445544
60 241 5274623 806941641
46 144 2460850 939815868
10 101 6326652 256460969
30 149 8912731 425537303
9 115 2630930 513961915
76 89 601574 887304786
25 269 962930 78643082
65 120 7332342 622162557
4 16 8863849 993146893
31 96 2188448 309295325
48 142 6966354 838135036
37 221 9747638 974849571
28 46 1047824 96247921
7 13 415306 658079013
45 160 617118 949271626
78 173 2506496 377543119
23 92 5128265 175972793
19 268 9451355 44418365
163 187 7327033 793792676
268 283 4241152 343356715
165 200 1999426 602856404
3 242 367321 233978478
27 285 7618118 833399629
4 225 5047285 743803362
26 32 3717710 589827213
69 145 2604435 769853483
90 100 3379827 77087042
13 15 4759314 119737388
134 239 7632913 574096566
104 112 7732987 830156222
203 265 1150211 569949424
109 128 9561091 925737377
125 233 1566372 908908830
28 30 5165299 609094553
169 178 1369651 19941905
29 53 3839873 182135976
38 282 8923250 149009542
26 131 3435995 463039113
38 47 3072084 240749168
296 729650103
12 151 7807018 582103745
52 112 2588406 628815772
60 173 6148134 117938480
30 115 9484283 635538341
3 207 2015252 283925575
18 41 5617439 370791797
50 78 8618617 581890958
33 127 3733271 986845319
201 253 3578552 672625661
26 55 8454326 846196271
56 121 8102202 667614061
120 255 2144113 995762995
189 239 8304063 282353133
15 20 3519881 899142049
16 106 1726981 526483221
120 276 7740801 346925812
56 80 3237096 697998215
107 254 4614316 523969675
147 209 6541057 404154021
22 27 582789 643724258
28 73 2189402 181377325
33 48 4738020 608508891
40 132 4815158 197947338
136 190 9203517 802655101
49 105 80527 579602277
151 233 3234433 275049614
33 183 7593997 577391572
18 272 3911725 94183856
135 293 5998572 233958529
171 184 4737185 757964804
43 108 5584066 139385348
160 212 1785116 738502086
75 84 2133333 591166296
188 196 836716 876850221
152 265 414128 39233599
23 32 8633207 743932032
77 88 6574111 161913952
6 13 7146266 205539772
159 224 6689348 673762117
109 128 498132 392885624
140 170 1969856 380275686
21 83 1721989 224979140
54 113 9691098 810201110
107 240 411052 117862324
70 246 6207616 170936219
48 64 3527596 18207336
246 287 6256568 233239489
116 146 9525258 106536228
5 100 794136 804230445
8 14 9080781 489231321
23 211 1748050 117915715
44 54 9342754 702320292
151 178 7340735 890638115
4 42 9181553 204027085
70 160 4616310 735509565
31 149 3132062 829869579
44 104 110564 568720835
60 67 5415022 419343469
146 206 3682051 525170015
128 133 8739404 440993444
131 264 7398103 655929110
118 282 9325428 346005151
172 242 2775823 883962027
1 4 7415880 382315667
83 99 3289479 908658332
8 152 7968570 972953744
31 81 2986887 558429379
25 218 2773061 923972732
50 56 7647618 104762995
170 210 3998869 628455407
60 150 8267024 20138112
174 185 906893 483374228
112 167 3162935 402093718
11 65 4413906 944133587
87 280 8490203 221441242
220 238 8339764 134891412
112 141 6354194 913775747
7 119 9585621 246079672
14 23 8360481 482559179
29 281 8585888 385224027
3 5 4430537 144952169
67 256 5899592 88045739
57 292 136803 398379035
100 144 3101389 522498739
23 261 6924981 622573803
80 102 2339929 302514347
7 35 5235933 852797461
200 262 1297244 331239983
224 227 9400934 430447401
70 117 3026469 427454250
90 91 7551076 286570135
48 241 2963758 135657535
31 47 5967872 489245034
121 131 4978790 587322731
41 161 6484228 862317016
2 3 1793305 802142095
22 245 8659085 163350094
172 198 5393897 249593139
84 122 3322925 826825720
21 221 3160688 516334974
77 85 5227083 218988399
253 268 1106497 844211627
26 103 990422 51132020
220 237 1662715 122627490
148 215 7938251 542095011
14 114 805806 800908036
74 96 3365081 330532642
37 52 7022822 671621284
27 66 1974638 888719580
16 45 6979880 906172981
127 259 6711099 557223869
172 186 7795371 801941492
31 59 5356685 395825804
92 164 459252 928537541
2 226 1315079 85264124
95 111 6419290 51719179
74 138 4948458 991492217
30 82 4440357 634463653
121 169 3192109 239097983
143 279 189421 334340844
1 43 371231 54150812
135 249 9798104 726082405
57 145 1600204 372321887
96 275 7533394 960462972
80 116 5864630 3340637
64 123 6750291 312974266
19 248 7974487 164758352
110 147 4147020 140794101
44 139 9086174 854959022
155 283 2976261 678666410
43 177 5946744 289407366
98 159 7386160 954421066
278 289 6580496 747182641
9 12 3482085 865750036
89 263 8092599 816030516
1 2 6533384 40863544
5 171 2130437 291185819
13 22 5042126 299500408
146 166 2591691 597369616
163 181 9608848 967574319
4 9 7240471 329093185
13 79 7844284 131803224
100 188 5838826 185252633
32 157 2839701 613462836
97 135 8831426 619549312
283 288 1248264 51304600
129 208 5740326 455838278
30 87 8882731 694775168
37 44 4401811 846941311
15 26 2447463 15827313
2 29 6404007 784145396
230 269 2149651 681834291
47 225 1970738 257180072
39 63 4997587 471497005
101 107 1764772 850841281
22 126 3431447 201988885
66 229 1663906 499015560
71 204 8697273 379120299
118 120 1043822 339493768
55 70 9056662 284955780
23 230 3240435 833710876
87 137 1603294 493294492
16 28 6835320 332135627
205 217 3537733 674214524
89 197 6751418 90922170
62 77 3926703 140199067
115 163 8506908 578624108
98 285 3093952 967044649
11 148 4319457 215246700
25 175 8539566 911012620
82 271 7477138 382956630
72 165 3646608 437123045
116 199 3331413 39165671
4 8 1369066 782446690
38 158 9835284 33706049
34 89 4458605 234383262
43 109 7512214 190600564
5 34 1207501 721841812
158 296 5059340 401637722
38 86 5303151 757439998
17 49 591341 508366821
37 60 4557043 675127669
8 251 5613815 324404390
12 74 4963691 49168628
29 36 6840745 929933980
70 286 8916180 946059094
10 94 3513008 149826866
17 174 7220838 530501726
25 258 6490266 132264471
49 51 8720226 809888291
42 97 7333242 872827233
12 53 3990502 109228154
14 17 761949 550376919
120 143 4439139 756778647
53 228 2878848 957852079
106 220 8612530 238321545
68 201 1749501 96360417
122 124 7328804 783230797
62 168 2267255 601845811
4 30 1130600 544566587
36 38 3094568 570883111
251 277 1373825 92084398
65 101 5084777 358179137
8 10 8313327 784546905
230 290 9969626 474281226
111 194 974185 807234648
89 189 1578393 938721
230 273 4611442 715416859
156 222 8719941 476701085
20 21 321831 820025964
91 95 7043200 136684981
13 46 2123484 143498392
26 180 2525414 441913285
21 25 4712700 987108043
216 252 184612 208551785
85 294 2547745 150332150
15 93 6270143 732631511
131 195 9445262 78316494
19 291 1555007 145091058
95 236 9874876 363601132
93 118 7343862 846157731
182 200 884780 169483506
93 142 469368 247962012
110 136 397315 515754566
37 39 4764388 135924314
22 33 2280737 374561778
20 202 7213651 430837921
69 156 2300266 616194282
3 37 5944948 199443409
16 69 3893422 662275378
25 50 78509 45777835
62 270 7927001 862304772
7 182 3345857 188556825
70 75 935574 19101983
1 6 5508557 476136923
68 140 9537612 331911422
74 134 2504336 513770384
188 278 4160768 208518380
83 223 9053379 790660418
11 130 344425 82054641
33 205 3226306 323981016
107 187 6420501 284140305
3 24 4918369 110947050
126 179 5788459 436537977
81 284 5318158 701594587
10 31 329249 994647721
129 191 1604757 178280651
170 232 9543520 562975675
14 19 5829205 962532815
40 154 7954767 536830655
141 192 8222375 427717411
216 257 6234804 63457044
167 267 1346150 606824330
64 129 8230055 750277581
44 176 8961301 516838331
33 172 204517 833582596
24 214 5890066 933598152
9 76 6000603 412106130
6 72 667516 288308550
72 216 1278454 376099529
125 213 5757379 317739271
215 244 5160792 650211441
7 71 5457324 320273682
38 92 8426033 861813608
62 250 3903280 228221023
8 16 1530441 886345292
6 18 3749820 366772535
17 153 282363 138522169
53 90 2326546 920120818
228 231 7523122 41410529
207 274 9777879 731277021
19 58 3228896 650784911
49 155 8107911 837166201
156 260 8975096 906630717
54 61 289632 876234720
168 266 2066827 759371443
48 234 999354 519008634
19 193 3668674 679213557
156 219 7804790 6367723
63 110 7547985 794825856
46 98 4400780 29555068
52 57 1105690 611948099
4 62 6235978 165163144
43 162 7966973 552298789
6 40 983478 757345661
259 295 5605767 809635102
10 235 8819042 702345173
4 11 9655863 945830356
23 68 8901184 216857678
3 7 7562022 965480080
33 125 3987209 846484215
196 203 2286809 6510732
2 15 7300271 868125836
64 247 6425303 296081212
169 243 2397073 118531697
298 983815566
203 288 2901429 500259892
263 294 5539632 763777925
13 272 3388190 384787835
201 204 748829 623968960
75 120 713 902555669
7 135 9842716 225529895
29 31 7144393 310289694
110 222 998203 498556857
63 175 3521332 155529222
29 32 1833206 522512033
24 30 5720443 269583998
22 43 7922670 692550337
194 264 2311095 21937893
188 268 4836099 353455557
223 224 8836808 764074660
55 126 4957536 937800404
1 2 1756271 296713978
13 18 7738205 89198902
7 14 7834310 930359595
24 34 5575067 657026076
128 197 5615163 702921501
57 74 11138 348690193
79 146 8441363 337780045
3 19 9911466 208063859
15 77 9508109 275878402
7 98 9271305 129460151
18 168 3427385 316034622
111 198 5952288 846172852
40 112 1068798 367153919
8 119 1527679 458882082
60 83 6181478 720244913
53 121 2640051 287688678
37 38 3554068 237647038
31 80 6929107 254430246
177 282 5761266 135802506
70 89 2951499 757857092
143 291 4736324 542663818
42 71 2871096 197960521
64 65 555357 588512006
5 122 1114001 296224905
140 251 2418062 73563870
84 154 6670099 312195981
45 96 7762928 123133172
54 60 1838341 20895
173 212 5709983 594033560
21 26 7024135 377968873
269 283 4711458 855657929
2 66 4265675 451968740
25 225 1413465 19716819
15 16 2125062 594497471
158 202 1303418 811568670
171 254 9380974 838072421
168 213 3003619 56365012
72 88 2735485 236117548
173 179 9463692 522939624
47 214 5440981 29257847
27 28 846506 963523362
57 72 3959589 632951218
18 100 2227877 943698145
10 79 6200083 434208362
20 39 5711793 964600761
20 42 9103444 251248325
1 125 7299590 125036920
53 246 3250379 734773646
139 209 4905367 75723900
112 134 1297099 875789989
48 51 6627180 753468878
126 180 9920388 436029910
4 8 9425540 347266346
125 262 1206242 748590008
26 90 6990570 880809832
85 93 6445769 306530956
43 173 7146581 906697543
136 273 8840760 340352903
161 249 3758755 907546416
66 279 9662024 341920517
93 167 4384782 847178074
24 101 8917790 320632645
65 187 6061084 763938760
25 75 7830594 927281024
114 256 4663925 765330801
77 123 5501761 796982646
101 227 3729169 27593930
66 178 7912987 56906423
4 17 4166692 292315110
54 174 1421636 7019743
222 284 5635587 195901230
149 244 1005797 279189322
131 263 1603804 311624766
15 23 584739 700246137
23 44 73186 680138758
187 248 523605 981233324
53 131 1569336 207888342
81 118 266532 219622393
11 87 329141 766716546
40 69 7213250 690432163
102 293 9042012 172893918
36 156 6741008 339508215
32 190 2251202 79678040
222 226 1228152 454317226
8 47 3130688 331789950
110 239 8185905 394956621
174 247 6519394 957854581
46 84 4778353 381575396
26 153 2281040 616324347
35 58 1155381 684729838
100 228 886165 8297923
16 151 3620856 642230677
21 124 1544718 26454743
121 136 898779 950327275
2 108 733041 650471639
27 52 999407 274838987
99 215 201878 921004603
90 128 2670705 908032458
224 277 4363601 918557340
17 218 4662009 131469321
3 10 5246111 422744214
234 259 1632353 265122859
97 129 2706012 324034791
115 171 3493115 663623820
46 109 6537419 826673418
127 237 6152314 988396052
86 275 995654 69842558
10 141 5211416 863237598
122 201 9523192 191293278
107 238 8007581 896190614
64 147 7659556 567776686
80 111 8959610 741535354
189 205 8487138 897981573
10 53 9402746 691129441
9 24 3859658 245478244
139 184 983754 942813227
175 223 5898750 163742935
11 45 6728491 686593751
40 290 9241445 511636278
126 193 8497962 372763867
49 116 3092917 776425838
20 161 9261151 226439142
148 234 8742221 989921114
15 183 6349490 92852581
26 63 567309 127194749
33 70 9032390 120822634
45 295 5545784 522360156
52 233 4992132 818836379
62 67 863827 424188416
39 155 8266166 829008122
122 145 3594992 184217856
159 196 6944348 553100418
51 55 6763350 261346216
162 220 8728242 465267844
115 166 7494237 432103878
5 9 5674982 199623722
2 21 744795 711071224
5 22 3512055 472156984
1 50 2592440 450864607
10 11 2364761 945428326
15 62 9375487 980352187
129 182 1957609 823010878
113 148 446684 789753604
79 142 9003267 118860395
1 3 5616171 270989576
79 97 7236481 887306329
19 150 2989320 931599188
202 285 8426598 188813668
197 219 9824930 646505050
171 298 3423604 112156643
3 4 3096694 799169662
71 140 1777131 362583934
42 68 6361886 861105167
61 165 5123722 9302707
66 99 6756343 891589154
98 115 895450 28243548
48 57 257213 991553216
72 164 2607608 541793818
66 230 88412 132286221
49 188 4567338 512203972
163 235 4533842 705829100
115 139 8339636 859472332
60 104 3852746 38387780
24 41 2851322 350519633
46 160 2089643 249797894
33 54 5252954 909796207
177 255 2932224 604949048
9 20 1753729 527302389
27 48 136181 646729087
177 195 7048206 132173397
58 241 8598962 248913922
11 76 4465601 523860363
114 132 9816632 752508545
21 257 392791 498364302
5 12 1662717 71652996
203 296 6477833 644043276
55 103 1797333 272289602
55 206 9461534 81462684
167 191 7831178 807255876
9 40 9105720 361417997
61 169 741530 731269702
61 240 4963332 807252455
209 253 3210159 209887763
105 176 1714365 633589628
104 127 6883425 399090103
115 117 5832468 434410115
25 29 4463712 398307523
96 149 5081808 535571312
114 181 830592 902811446
66 232 8695142 709328833
46 172 4617427 403390617
11 46 6862554 593055293
93 106 1902427 788153478
5 143 4112323 583924936
72 95 9480100 961632927
118 192 7288008 998816369
35 203 5217394 671699602
150 236 9694838 32121176
19 200 2796775 143614923
19 144 7785518 204638945
175 292 2691319 386306703
76 113 6192275 565164181
29 33 953625 117557660
23 152 9212755 223451429
12 35 4441251 260065958
3 13 96004 816055636
151 245 7880896 312767769
166 252 3531443 24372140
9 91 9910995 297924598
205 221 2640041 61445351
18 36 4640903 579709083
203 280 3577041 934464854
20 258 7607389 364880862
76 138 8541325 943395295
13 25 4366399 430161405
24 78 6997991 853378516
44 82 7895221 185010121
1 157 190697 140622863
5 56 7654266 782237939
152 269 2178319 942607033
102 114 4132210 473149327
5 286 247440 143494147
172 276 6829600 311715691
124 231 1785474 44266780
41 59 1404635 954995066
113 216 7975633 183052344
21 137 4092508 169340221
131 242 4252810 752438059
19 266 5184277 609591021
192 289 5899613 747002299
23 27 7790850 665512576
249 297 4434552 206689625
197 274 5787016 602728819
190 199 9318976 891205837
9 15 593523 107986855
103 261 2188179 203056854
94 105 9677703 921153454
165 177 7325171 592020818
8 243 162415 67593408
233 281 9215495 568204258
64 85 220565 172355008
108 211 5360425 839295909
6 265 9141862 7963592
127 210 5404850 192121110
35 110 2146962 23378350
62 260 7755221 449834807
136 163 6077018 102058723
34 49 7177409 766594377
89 207 1111361 791461658
157 162 220285 524650011
1 7 7982324 831693320
124 133 7586384 596430915
84 267 9304757 836961878
102 170 5832903 529798886
62 130 8373761 565987528
72 86 4995074 367596805
48 73 3184749 162112825
2 37 3416138 846271197
45 64 4360143 236258565
191 287 2879849 633473790
3 6 6464183 200649689
169 194 7873315 905629385
62 107 5289123 247127425
148 271 2120806 182543515
7 61 4698583 51192527
72 158 2762663 949666497
36 229 5027604 705859598
13 81 7487070 561696354
1 102 6364276 873957003
4 5 1457266 675870445
149 208 9194545 295504069
84 94 9095333 875980695
136 186 7902826 93989187
16 159 3613646 491733707
66 185 1981481 147334170
273 278 6941044 886659004
53 92 4881113 659632620
259 270 7555010 305790716
55 217 7919577 183937701
178 250 595979 545540771
87 189 8567525 376028934
