5
298 2
233 237 1 1
1 6 1 1
88 151 1 1
39 137 1 1
20 89 1 1
93 246 1 1
130 132 1 1
7 94 1 1
6 103 1 1
125 183 1 1
8 79 1 1
64 224 1 1
92 166 1 1
23 25 1 1
25 33 1 1
28 283 1 1
10 272 1 1
161 235 1 1
145 213 1 1
137 244 1 1
50 107 1 1
140 152 1 1
43 135 1 1
172 178 1 1
70 162 1 1
14 38 1 1
39 294 1 1
78 95 1 1
49 186 1 1
32 223 1 1
23 30 1 1
200 277 1 1
91 253 1 1
71 75 1 1
54 116 1 1
196 203 1 1
9 102 1 1
20 67 1 1
10 34 1 1
29 154 1 1
97 101 1 1
84 231 1 1
11 78 1 1
28 29 1 1
88 168 1 1
2 198 1 1
200 266 1 1
24 26 1 1
26 41 1 1
86 156 1 1
110 206 1 1
159 188 1 1
58 124 1 1
35 37 1 1
166 208 1 1
232 292 1 1
19 115 1 1
116 259 1 1
97 113 1 1
46 50 1 1
98 99 1 1
29 66 1 1
12 104 1 1
42 61 1 1
36 171 1 1
20 71 1 1
117 175 1 1
10 27 1 1
5 112 1 1
35 55 1 1
264 269 1 1
30 126 1 1
114 174 1 1
47 64 1 1
6 96 1 1
200 250 1 1
155 184 1 1
230 275 1 1
142 157 1 1
72 147 1 1
55 267 1 1
51 80 1 1
6 19 1 1
87 219 1 1
74 241 1 1
90 109 1 1
63 164 1 1
81 287 1 1
61 93 1 1
270 289 1 1
174 297 1 1
83 192 1 1
25 121 1 1
82 106 1 1
122 204 1 1
12 193 1 1
80 248 1 1
46 202 1 1
77 194 1 1
85 118 1 1
15 47 1 1
36 296 1 1
5 9 1 1
146 209 1 1
219 229 1 1
155 233 1 1
67 74 1 1
65 125 1 1
10 18 1 1
136 172 1 1
50 91 1 1
136 247 1 1
46 92 1 1
69 140 1 1
90 238 1 1
81 120 1 1
72 114 1 1
210 282 1 1
11 105 1 1
6 7 1 1
73 111 1 1
32 51 1 1
164 232 1 1
158 217 1 1
78 127 1 1
61 262 1 1
7 14 1 1
151 252 1 1
137 196 1 1
64 176 1 1
118 258 1 1
3 228 1 1
155 255 1 1
172 212 1 1
52 138 1 1
9 87 1 1
3 43 1 1
28 77 1 1
1 2 1 1
17 28 1 1
31 35 1 1
119 143 1 1
43 290 1 1
104 173 1 1
262 280 1 1
13 215 1 1
77 159 1 1
172 221 1 1
52 108 1 1
15 148 1 1
33 117 1 1
263 278 1 1
43 44 1 1
189 199 1 1
94 160 1 1
4 165 1 1
52 85 1 1
22 146 1 1
14 52 1 1
16 23 1 1
192 227 1 1
223 263 1 1
25 190 1 1
27 201 1 1
133 245 1 1
38 81 1 1
20 72 1 1
59 60 1 1
7 63 1 1
3 17 1 1
138 179 1 1
49 158 1 1
14 69 1 1
130 239 1 1
110 167 1 1
181 187 1 1
6 10 1 1
118 170 1 1
179 270 1 1
33 122 1 1
3 39 1 1
4 59 1 1
12 13 1 1
32 210 1 1
93 155 1 1
35 45 1 1
246 281 1 1
203 260 1 1
18 57 1 1
15 32 1 1
14 40 1 1
16 110 1 1
4 133 1 1
70 225 1 1
180 279 1 1
27 197 1 1
1 12 1 1
90 200 1 1
81 141 1 1
142 265 1 1
1 3 1 1
62 177 1 1
3 182 1 1
58 62 1 1
250 261 1 1
30 195 1 1
26 291 1 1
186 216 1 1
86 298 1 1
76 129 1 1
9 53 1 1
29 218 1 1
40 58 1 1
93 142 1 1
21 24 1 1
70 220 1 1
95 271 1 1
26 46 1 1
2 4 1 1
38 48 1 1
8 98 1 1
107 264 1 1
175 251 1 1
40 86 1 1
48 88 1 1
197 214 1 1
14 169 1 1
62 144 1 1
3 42 1 1
18 100 1 1
105 149 1 1
72 256 1 1
103 240 1 1
46 97 1 1
27 136 1 1
69 226 1 1
30 242 1 1
135 284 1 1
65 84 1 1
167 285 1 1
46 82 1 1
60 153 1 1
94 189 1 1
192 211 1 1
52 70 1 1
32 130 1 1
2 56 1 1
11 15 1 1
124 288 1 1
31 234 1 1
68 119 1 1
84 249 1 1
6 236 1 1
4 276 1 1
160 222 1 1
18 36 1 1
137 191 1 1
7 161 1 1
12 21 1 1
14 163 1 1
2 5 1 1
136 185 1 1
5 8 1 1
20 31 1 1
115 295 1 1
101 243 1 1
10 16 1 1
13 90 1 1
45 150 1 1
50 65 1 1
138 293 1 1
165 181 1 1
222 286 1 1
7 22 1 1
17 20 1 1
52 68 1 1
46 73 1 1
137 139 1 1
1 11 1 1
36 131 1 1
16 134 1 1
18 230 1 1
49 54 1 1
56 268 1 1
94 180 1 1
87 145 1 1
3 274 1 1
38 128 1 1
71 123 1 1
60 83 1 1
43 76 1 1
121 207 1 1
13 49 1 1
169 257 1 1
43 205 1 1
 183 273 1 1
88 254 1 1
295 2
9 19 1 1
127 291 1 1
58 112 1 1
53 106 1 1
54 227 1 1
9 178 1 1
85 123 1 1
220 266 1 1
38 276 1 1
58 126 1 1
125 222 1 1
94 207 1 1
41 84 1 1
12 13 1 1
191 200 1 1
91 206 1 1
77 79 1 1
37 143 1 1
78 286 1 1
46 281 1 1
2 240 1 1
69 108 1 1
76 111 1 1
17 23 1 1
15 49 1 1
3 226 1 1
90 244 1 1
173 262 1 1
52 63 1 1
4 35 1 1
21 24 1 1
83 87 1 1
84 165 1 1
33 277 1 1
53 118 1 1
2 59 1 1
34 43 1 1
22 284 1 1
65 90 1 1
6 56 1 1
8 51 1 1
5 50 1 1
55 93 1 1
70 189 1 1
15 30 1 1
35 211 1 1
25 53 1 1
28 116 1 1
125 245 1 1
221 248 1 1
54 74 1 1
164 237 1 1
43 134 1 1
44 48 1 1
70 73 1 1
16 231 1 1
22 64 1 1
161 289 1 1
27 102 1 1
131 195 1 1
38 81 1 1
40 96 1 1
3 10 1 1
33 78 1 1
18 46 1 1
5 7 1 1
35 70 1 1
31 145 1 1
131 255 1 1
91 152 1 1
21 38 1 1
176 224 1 1
100 278 1 1
34 125 1 1
58 228 1 1
16 269 1 1
53 137 1 1
1 6 1 1
6 175 1 1
190 235 1 1
20 243 1 1
69 198 1 1
31 39 1 1
193 282 1 1
1 3 1 1
7 57 1 1
31 61 1 1
48 252 1 1
38 85 1 1
105 249 1 1
13 233 1 1
218 242 1 1
16 157 1 1
215 264 1 1
146 177 1 1
67 164 1 1
94 127 1 1
23 91 1 1
1 25 1 1
112 120 1 1
85 192 1 1
55 122 1 1
38 107 1 1
173 181 1 1
218 221 1 1
40 42 1 1
98 258 1 1
54 83 1 1
18 82 1 1
4 12 1 1
57 214 1 1
6 114 1 1
108 154 1 1
80 261 1 1
71 186 1 1
92 140 1 1
26 86 1 1
48 105 1 1
14 26 1 1
90 184 1 1
68 72 1 1
81 153 1 1
174 260 1 1
138 167 1 1
216 270 1 1
84 124 1 1
138 161 1 1
189 257 1 1
17 20 1 1
118 168 1 1
2 271 1 1
256 290 1 1
27 98 1 1
65 213 1 1
65 209 1 1
166 268 1 1
4 15 1 1
77 256 1 1
37 55 1 1
27 45 1 1
31 144 1 1
7 130 1 1
78 110 1 1
125 193 1 1
12 232 1 1
43 132 1 1
65 142 1 1
43 225 1 1
41 75 1 1
71 176 1 1
80 155 1 1
99 103 1 1
141 160 1 1
131 197 1 1
13 36 1 1
36 60 1 1
189 218 1 1
26 201 1 1
135 138 1 1
99 148 1 1
1 2 1 1
38 171 1 1
20 100 1 1
15 44 1 1
79 141 1 1
24 27 1 1
204 259 1 1
38 202 1 1
81 146 1 1
51 99 1 1
9 14 1 1
213 295 1 1
103 173 1 1
28 188 1 1
181 219 1 1
20 94 1 1
121 149 1 1
28 47 1 1
145 156 1 1
4 9 1 1
39 212 1 1
16 34 1 1
18 250 1 1
112 128 1 1
53 65 1 1
179 246 1 1
20 21 1 1
6 16 1 1
106 253 1 1
244 279 1 1
140 251 1 1
47 190 1 1
56 66 1 1
130 136 1 1
178 217 1 1
156 283 1 1
104 119 1 1
158 205 1 1
203 265 1 1
219 230 1 1
24 77 1 1
120 196 1 1
88 113 1 1
40 80 1 1
38 40 1 1
9 151 1 1
1 4 1 1
80 158 1 1
155 183 1 1
13 18 1 1
61 236 1 1
111 191 1 1
145 170 1 1
124 229 1 1
116 179 1 1
90 163 1 1
60 273 1 1
78 239 1 1
25 97 1 1
69 104 1 1
58 234 1 1
38 95 1 1
39 52 1 1
61 275 1 1
166 272 1 1
25 109 1 1
17 22 1 1
74 194 1 1
149 280 1 1
205 267 1 1
146 208 1 1
7 76 1 1
156 185 1 1
10 69 1 1
38 159 1 1
14 33 1 1
62 68 1 1
123 204 1 1
63 285 1 1
19 28 1 1
161 182 1 1
89 166 1 1
72 294 1 1
95 147 1 1
23 89 1 1
61 62 1 1
47 169 1 1
200 287 1 1
50 135 1 1
45 67 1 1
20 92 1 1
60 174 1 1
127 241 1 1
27 54 1 1
132 220 1 1
13 17 1 1
3 5 1 1
21 32 1 1
198 263 1 1
168 172 1 1
130 247 1 1
147 216 1 1
25 150 1 1
148 293 1 1
61 101 1 1
87 88 1 1
53 58 1 1
23 29 1 1
104 187 1 1
83 139 1 1
67 117 1 1
122 131 1 1
68 210 1 1
283 288 1 1
124 180 1 1
48 115 1 1
4 11 1 1
17 203 1 1
27 31 1 1
184 199 1 1
5 8 1 1
8 37 1 1
53 162 1 1
43 71 1 1
47 292 1 1
240 274 1 1
3 223 1 1
10 129 1 1
2 41 1 1
40 121 1 1
181 254 1 1
121 215 1 1
97 238 1 1
45 133 1 1
297 1
195 235 1 1
86 87 1 1
57 96 1 1
28 99 1 1
19 182 1 1
55 289 1 1
47 161 1 1
42 60 1 1
17 154 1 1
4 5 1 1
107 191 1 1
13 20 1 1
106 120 1 1
155 292 1 1
61 185 1 1
250 276 1 1
36 208 1 1
26 134 1 1
170 286 1 1
13 263 1 1
125 149 1 1
4 25 1 1
53 71 1 1
22 33 1 1
72 275 1 1
86 113 1 1
1 13 1 1
148 171 1 1
207 237 1 1
15 260 1 1
43 150 1 1
38 236 1 1
27 62 1 1
144 288 1 1
238 259 1 1
69 122 1 1
16 42 1 1
53 243 1 1
173 229 1 1
37 287 1 1
38 165 1 1
59 80 1 1
102 119 1 1
145 180 1 1
3 4 1 1
53 83 1 1
196 230 1 1
120 123 1 1
115 183 1 1
68 88 1 1
72 107 1 1
1 32 1 1
47 251 1 1
73 84 1 1
39 68 1 1
117 132 1 1
27 70 1 1
42 81 1 1
126 278 1 1
210 294 1 1
42 156 1 1
2 44 1 1
19 56 1 1
13 100 1 1
9 12 1 1
183 248 1 1
6 37 1 1
1 38 1 1
121 190 1 1
127 258 1 1
73 163 1 1
147 268 1 1
105 140 1 1
161 179 1 1
49 170 1 1
161 200 1 1
103 210 1 1
11 241 1 1
44 69 1 1
19 207 1 1
133 174 1 1
116 215 1 1
52 282 1 1
46 61 1 1
103 148 1 1
20 124 1 1
43 273 1 1
12 65 1 1
15 296 1 1
22 281 1 1
31 102 1 1
3 16 1 1
77 117 1 1
39 77 1 1
19 30 1 1
57 214 1 1
108 131 1 1
146 290 1 1
93 270 1 1
2 46 1 1
149 240 1 1
36 280 1 1
55 177 1 1
150 188 1 1
74 147 1 1
61 233 1 1
161 212 1 1
161 169 1 1
30 47 1 1
88 205 1 1
36 189 1 1
3 19 1 1
141 269 1 1
1 3 1 1
50 224 1 1
2 23 1 1
24 95 1 1
112 125 1 1
69 101 1 1
47 145 1 1
78 239 1 1
20 114 1 1
54 89 1 1
20 29 1 1
62 194 1 1
93 136 1 1
163 195 1 1
4 15 1 1
97 192 1 1
32 59 1 1
82 297 1 1
131 187 1 1
58 78 1 1
67 244 1 1
52 242 1 1
55 74 1 1
32 94 1 1
35 108 1 1
133 146 1 1
33 216 1 1
15 57 1 1
18 93 1 1
43 219 1 1
127 265 1 1
17 143 1 1
19 155 1 1
29 168 1 1
4 6 1 1
122 211 1 1
218 283 1 1
70 92 1 1
34 51 1 1
193 225 1 1
68 116 1 1
89 109 1 1
56 284 1 1
132 176 1 1
66 130 1 1
71 126 1 1
89 151 1 1
101 213 1 1
168 232 1 1
233 267 1 1
17 18 1 1
71 118 1 1
44 137 1 1
137 138 1 1
1 91 1 1
8 178 1 1
45 53 1 1
50 52 1 1
66 73 1 1
144 261 1 1
9 27 1 1
151 234 1 1
47 129 1 1
129 291 1 1
19 22 1 1
205 222 1 1
33 54 1 1
54 110 1 1
96 181 1 1
65 256 1 1
226 277 1 1
37 98 1 1
5 8 1 1
2 11 1 1
49 186 1 1
27 128 1 1
41 252 1 1
3 7 1 1
145 158 1 1
98 266 1 1
5 10 1 1
40 152 1 1
230 274 1 1
63 272 1 1
141 223 1 1
38 45 1 1
23 41 1 1
47 221 1 1
67 90 1 1
24 160 1 1
1 2 1 1
89 162 1 1
18 31 1 1
65 279 1 1
13 39 1 1
61 63 1 1
7 35 1 1
30 43 1 1
14 24 1 1
27 199 1 1
13 17 1 1
222 226 1 1
53 262 1 1
37 72 1 1
64 104 1 1
74 153 1 1
71 135 1 1
100 245 1 1
11 227 1 1
98 249 1 1
32 133 1 1
14 66 1 1
5 9 1 1
19 193 1 1
17 86 1 1
107 255 1 1
1 204 1 1
15 228 1 1
41 166 1 1
31 103 1 1
98 220 1 1
52 76 1 1
91 144 1 1
30 111 1 1
7 201 1 1
37 82 1 1
248 295 1 1
7 14 1 1
50 257 1 1
78 112 1 1
119 293 1 1
14 173 1 1
34 164 1 1
63 97 1 1
94 141 1 1
42 167 1 1
197 253 1 1
76 159 1 1
10 184 1 1
20 175 1 1
9 28 1 1
6 40 1 1
32 34 1 1
5 115 1 1
119 142 1 1
68 238 1 1
30 217 1 1
39 48 1 1
99 285 1 1
154 264 1 1
72 139 1 1
62 75 1 1
24 67 1 1
94 106 1 1
79 121 1 1
108 254 1 1
104 172 1 1
16 64 1 1
24 58 1 1
55 105 1 1
13 247 1 1
75 85 1 1
16 36 1 1
97 203 1 1
18 206 1 1
72 271 1 1
17 49 1 1
75 198 1 1
138 157 1 1
119 127 1 1
59 196 1 1
46 218 1 1
1 202 1 1
19 55 1 1
20 26 1 1
3 21 1 1
153 250 1 1
1 246 1 1
3 50 1 1
33 79 1 1
90 197 1 1
84 209 1 1
41 231 1 1
298 2
44 149 1 1
74 239 1 1
21 126 1 1
146 230 1 1
21 87 1 1
227 268 1 1
13 65 1 1
41 159 1 1
40 150 1 1
184 264 1 1
66 141 1 1
41 47 1 1
6 38 1 1
13 22 1 1
72 280 1 1
42 195 1 1
51 180 1 1
60 165 1 1
147 276 1 1
70 193 1 1
6 8 1 1
68 111 1 1
22 67 1 1
24 73 1 1
23 71 1 1
139 183 1 1
6 224 1 1
183 237 1 1
57 58 1 1
39 41 1 1
7 124 1 1
73 89 1 1
122 132 1 1
124 167 1 1
164 228 1 1
117 292 1 1
213 285 1 1
154 201 1 1
8 48 1 1
84 91 1 1
100 184 1 1
182 203 1 1
13 138 1 1
69 98 1 1
23 69 1 1
9 18 1 1
8 9 1 1
3 13 1 1
282 284 1 1
200 265 1 1
44 255 1 1
21 84 1 1
5 29 1 1
165 289 1 1
5 282 1 1
11 25 1 1
289 298 1 1
57 287 1 1
26 61 1 1
114 262 1 1
265 288 1 1
215 246 1 1
29 50 1 1
88 217 1 1
128 151 1 1
11 51 1 1
54 266 1 1
87 186 1 1
1 20 1 1
14 116 1 1
26 135 1 1
92 143 1 1
27 60 1 1
51 160 1 1
123 176 1 1
10 125 1 1
57 70 1 1
16 37 1 1
171 178 1 1
117 247 1 1
79 212 1 1
85 154 1 1
109 148 1 1
88 211 1 1
57 100 1 1
28 153 1 1
53 155 1 1
117 192 1 1
98 103 1 1
45 229 1 1
12 28 1 1
12 277 1 1
40 115 1 1
106 293 1 1
27 241 1 1
14 85 1 1
58 80 1 1
24 196 1 1
3 24 1 1
14 17 1 1
84 107 1 1
67 139 1 1
144 157 1 1
13 112 1 1
40 45 1 1
143 227 1 1
179 226 1 1
55 92 1 1
4 5 1 1
13 46 1 1
14 32 1 1
95 161 1 1
141 269 1 1
59 214 1 1
128 202 1 1
169 245 1 1
119 190 1 1
15 26 1 1
97 113 1 1
7 62 1 1
88 223 1 1
85 123 1 1
247 278 1 1
10 169 1 1
121 296 1 1
105 234 1 1
21 64 1 1
15 52 1 1
38 56 1 1
85 137 1 1
62 134 1 1
38 72 1 1
7 140 1 1
23 57 1 1
33 54 1 1
77 279 1 1
90 119 1 1
11 95 1 1
99 106 1 1
49 93 1 1
64 86 1 1
126 248 1 1
10 76 1 1
22 35 1 1
197 294 1 1
110 117 1 1
12 257 1 1
91 97 1 1
211 233 1 1
190 194 1 1
1 49 1 1
24 74 1 1
178 235 1 1
58 88 1 1
3 200 1 1
51 127 1 1
29 44 1 1
8 21 1 1
6 68 1 1
76 147 1 1
102 142 1 1
136 208 1 1
5 108 1 1
68 79 1 1
164 215 1 1
8 42 1 1
45 77 1 1
211 240 1 1
15 146 1 1
22 59 1 1
123 136 1 1
234 260 1 1
114 118 1 1
23 102 1 1
6 156 1 1
136 182 1 1
1 2 1 1
15 43 1 1
79 173 1 1
199 213 1 1
242 259 1 1
104 163 1 1
220 291 1 1
98 206 1 1
126 185 1 1
47 82 1 1
5 7 1 1
137 270 1 1
7 11 1 1
183 290 1 1
6 110 1 1
72 83 1 1
52 105 1 1
138 204 1 1
38 75 1 1
198 273 1 1
239 295 1 1
10 210 1 1
22 36 1 1
114 175 1 1
50 128 1 1
23 130 1 1
27 34 1 1
80 209 1 1
2 6 1 1
124 187 1 1
9 23 1 1
151 261 1 1
6 12 1 1
45 121 1 1
225 252 1 1
166 198 1 1
11 19 1 1
162 253 1 1
40 133 1 1
44 205 1 1
187 191 1 1
160 283 1 1
21 33 1 1
81 104 1 1
85 179 1 1
23 197 1 1
168 271 1 1
98 158 1 1
19 164 1 1
94 101 1 1
78 162 1 1
129 220 1 1
17 120 1 1
195 225 1 1
3 274 1 1
8 14 1 1
1 15 1 1
46 109 1 1
74 81 1 1
196 244 1 1
5 10 1 1
12 53 1 1
220 249 1 1
116 131 1 1
105 236 1 1
142 177 1 1
3 99 1 1
54 216 1 1
33 256 1 1
102 168 1 1
70 171 1 1
65 170 1 1
38 242 1 1
62 63 1 1
213 254 1 1
13 27 1 1
11 145 1 1
15 30 1 1
144 188 1 1
4 40 1 1
133 275 1 1
104 199 1 1
28 90 1 1
6 16 1 1
24 166 1 1
81 258 1 1
35 122 1 1
185 189 1 1
216 263 1 1
38 144 1 1
26 31 1 1
68 129 1 1
90 272 1 1
1 4 1 1
250 267 1 1
162 281 1 1
199 219 1 1
132 251 1 1
66 207 1 1
239 297 1 1
179 232 1 1
7 55 1 1
207 218 1 1
173 181 1 1
19 39 1 1
170 243 1 1
9 221 1 1
157 238 1 1
124 222 1 1
86 114 1 1
96 174 1 1
117 172 1 1
83 96 1 1
93 231 1 1
101 286 1 1
103 152 1 1
85 94 1 1
28 78 1 1
2 3 1 1
39 250 1 1
58 66 1 1
295 1
17 30 1 1
73 145 1 1
36 259 1 1
69 147 1 1
14 28 1 1
60 179 1 1
53 249 1 1
81 175 1 1
100 106 1 1
12 211 1 1
70 200 1 1
65 109 1 1
42 101 1 1
128 277 1 1
7 9 1 1
44 185 1 1
166 235 1 1
18 76 1 1
103 229 1 1
172 220 1 1
160 161 1 1
32 64 1 1
3 4 1 1
138 163 1 1
4 113 1 1
54 245 1 1
198 203 1 1
59 120 1 1
67 90 1 1
61 261 1 1
57 162 1 1
1 100 1 1
13 129 1 1
5 126 1 1
86 131 1 1
47 223 1 1
19 118 1 1
164 269 1 1
44 59 1 1
126 166 1 1
6 80 1 1
81 247 1 1
5 17 1 1
70 190 1 1
122 295 1 1
39 97 1 1
162 193 1 1
13 15 1 1
65 79 1 1
177 233 1 1
150 168 1 1
246 264 1 1
196 291 1 1
11 29 1 1
78 197 1 1
189 212 1 1
93 156 1 1
50 60 1 1
86 140 1 1
66 260 1 1
13 51 1 1
49 81 1 1
6 93 1 1
14 49 1 1
125 153 1 1
59 242 1 1
226 283 1 1
45 102 1 1
127 134 1 1
160 202 1 1
122 148 1 1
86 115 1 1
110 117 1 1
188 280 1 1
122 125 1 1
204 276 1 1
1 2 1 1
179 286 1 1
92 188 1 1
22 32 1 1
2 71 1 1
8 48 1 1
31 53 1 1
10 11 1 1
67 292 1 1
29 67 1 1
43 267 1 1
223 266 1 1
36 138 1 1
222 228 1 1
110 224 1 1
54 128 1 1
103 112 1 1
60 142 1 1
31 289 1 1
63 122 1 1
25 69 1 1
26 78 1 1
12 16 1 1
154 157 1 1
105 155 1 1
95 209 1 1
202 214 1 1
90 121 1 1
155 285 1 1
152 191 1 1
60 222 1 1
7 8 1 1
4 215 1 1
32 33 1 1
84 218 1 1
8 45 1 1
104 236 1 1
16 23 1 1
118 172 1 1
1 219 1 1
130 165 1 1
105 187 1 1
13 37 1 1
44 248 1 1
4 7 1 1
14 39 1 1
27 85 1 1
38 86 1 1
142 251 1 1
108 227 1 1
136 186 1 1
90 95 1 1
49 150 1 1
28 210 1 1
130 184 1 1
181 268 1 1
19 26 1 1
6 14 1 1
23 143 1 1
13 22 1 1
219 225 1 1
67 201 1 1
52 66 1 1
94 164 1 1
69 199 1 1
227 290 1 1
55 127 1 1
95 274 1 1
17 44 1 1
146 178 1 1
22 158 1 1
58 63 1 1
13 123 1 1
64 103 1 1
1 244 1 1
69 84 1 1
3 12 1 1
84 89 1 1
94 135 1 1
220 238 1 1
84 136 1 1
49 70 1 1
71 234 1 1
29 87 1 1
80 114 1 1
34 82 1 1
5 6 1 1
59 73 1 1
9 25 1 1
2 3 1 1
12 56 1 1
9 77 1 1
56 133 1 1
37 42 1 1
59 119 1 1
212 257 1 1
20 61 1 1
189 253 1 1
122 149 1 1
220 281 1 1
26 38 1 1
241 272 1 1
181 239 1 1
91 94 1 1
79 91 1 1
167 287 1 1
194 204 1 1
78 159 1 1
112 258 1 1
12 18 1 1
30 183 1 1
59 107 1 1
10 27 1 1
61 96 1 1
85 176 1 1
89 275 1 1
25 146 1 1
41 46 1 1
47 169 1 1
14 52 1 1
105 254 1 1
92 105 1 1
102 195 1 1
205 262 1 1
35 68 1 1
88 144 1 1
73 171 1 1
140 252 1 1
71 170 1 1
48 99 1 1
212 284 1 1
109 293 1 1
49 265 1 1
42 255 1 1
5 10 1 1
136 151 1 1
34 54 1 1
167 205 1 1
51 98 1 1
69 74 1 1
68 154 1 1
41 213 1 1
34 116 1 1
191 278 1 1
184 196 1 1
116 152 1 1
80 83 1 1
26 279 1 1
19 124 1 1
25 34 1 1
3 5 1 1
12 20 1 1
60 246 1 1
205 241 1 1
87 221 1 1
51 55 1 1
26 108 1 1
4 137 1 1
89 217 1 1
22 139 1 1
5 180 1 1
9 13 1 1
179 192 1 1
63 88 1 1
120 189 1 1
128 194 1 1
18 21 1 1
66 198 1 1
260 270 1 1
204 294 1 1
55 65 1 1
19 36 1 1
80 92 1 1
4 167 1 1
9 41 1 1
14 75 1 1
10 24 1 1
4 62 1 1
38 72 1 1
134 181 1 1
6 19 1 1
28 110 1 1
9 31 1 1
103 130 1 1
186 207 1 1
147 230 1 1
253 273 1 1
115 208 1 1
197 243 1 1
122 206 1 1
162 173 1 1
58 288 1 1
160 182 1 1
27 47 1 1
235 250 1 1
39 104 1 1
77 282 1 1
137 216 1 1
100 232 1 1
215 263 1 1
72 111 1 1
119 240 1 1
5 50 1 1
198 237 1 1
25 35 1 1
152 177 1 1
14 43 1 1
3 40 1 1
21 271 1 1
123 231 1 1
35 57 1 1
49 160 1 1
204 256 1 1
112 132 1 1
57 58 1 1
102 141 1 1
125 174 1 1
10 226 1 1
