5
5 707828050
2 4 6726459 290385452
1 2 3253857 931475331
4 5 5218963 284318704
1 3 3574636 62607624
8 438233020
1 7 1557967 986552383
2 5 7595399 753073101
2 3 8965374 396277819
1 4 1425820 265106261
3 6 4121355 632498121
5 8 1228799 692421103
1 2 870196 517864908
10 205675811
5 8 2795032 138515120
1 3 8109403 735872015
1 4 2681087 778500828
5 6 8846996 838436892
3 5 3059328 228768385
8 9 1261797 876956277
9 10 6089783 41895759
1 2 7470433 18862078
4 7 8382795 152178706
7 547832075
2 6 8916726 729875337
1 2 5814372 141405713
6 7 4262713 389861831
2 5 7530214 409489524
3 4 7289218 389741847
2 3 5683218 944376218
10 548300966
7 8 3795203 322821968
2 3 3876891 834167456
5 9 7898288 138653070
5 6 8950590 363608521
2 10 5130423 832570096
1 4 6708149 72883607
3 5 670230 996751760
5 7 7708676 725166861
1 2 7591428 612591254
