100
100 9
86 26
32 51
72 7
74 9
11 99
85 91
86 53
9 98
69 24
100 4
26 4
96 45
29 70
11 20
100 7
54 27
2 34
89 23
8 95
95 38
55 68
78 39
100 13
3 24
10 82
49 96
67 87
15 86
89 85
46 42
36 49
41 55
57 34
86 33
83 36
35 79
100 15
96 54
60 75
95 7
88 18
43 20
37 95
31 13
87 8
26 77
60 49
23 24
52 54
17 21
61 5
46 63
100 2
20 69
76 79
100 7
9 24
66 17
25 29
58 70
2 87
60 56
43 15
100 3
45 18
72 88
78 94
100 17
29 19
83 18
81 74
30 53
21 73
30 24
66 64
66 98
43 30
88 10
51 18
73 70
50 66
49 51
16 95
17 72
3 88
100 4
6 54
43 23
31 14
100 65
100 2
76 41
25 41
100 7
69 5
24 92
17 54
89 86
20 77
88 95
22 94
100 10
52 88
43 64
44 5
80 38
93 76
96 32
34 36
86 99
92 100
16 61
100 5
84 16
21 38
3 70
71 89
60 49
100 6
62 94
25 91
84 83
84 45
74 44
12 13
100 11
61 48
24 21
29 55
50 57
35 1
58 91
80 31
75 23
87 93
49 92
48 98
100 13
37 17
8 28
49 86
33 35
91 69
69 75
6 29
24 39
37 34
6 95
11 9
37 5
84 4
100 16
38 83
57 34
22 91
64 44
73 59
77 86
79 67
66 91
48 76
9 28
3 47
30 51
4 41
52 32
16 53
56 72
100 18
86 61
4 43
98 26
68 69
51 29
69 48
2 42
75 53
2 39
79 71
50 49
40 66
5 67
28 93
8 73
62 53
61 96
90 60
100 19
24 80
19 22
50 44
70 4
63 37
67 72
57 21
66 6
4 97
65 68
80 45
76 19
33 90
70 16
66 2
56 53
94 28
93 75
12 16
100 19
42 19
45 13
79 34
69 1
72 24
97 28
40 13
34 96
86 94
68 69
72 44
93 40
8 57
83 39
94 92
89 9
47 8
19 16
66 37
100 1
12 95
100 7
74 56
16 24
53 74
3 34
91 15
88 60
46 43
100 5
43 2
78 75
60 39
100 75
48 34
100 3
85 68
27 90
87 2
100 2
24 25
68 28
100 1
92 44
100 20
12 77
83 55
54 99
70 29
6 27
53 41
65 15
6 51
52 64
62 84
55 89
62 37
81 49
65 24
74 4
96 39
75 21
14 10
52 10
36 28
100 18
65 44
81 16
14 62
50 7
16 15
40 49
100 82
85 14
11 67
4 60
84 81
56 57
86 51
76 42
46 75
21 99
5 60
12 80
100 19
74 92
27 58
1 16
1 61
88 48
62 6
96 39
37 43
18 16
23 17
16 41
58 21
76 68
88 38
57 17
72 49
14 57
62 8
70 94
100 1
60 75
100 19
98 68
89 37
83 63
60 29
95 37
93 8
20 75
18 93
77 67
65 26
34 78
69 22
48 92
1 85
37 31
82 8
59 68
4 74
91 66
100 18
59 62
40 81
21 39
17 64
60 100
90 21
66 78
8 51
39 13
19 33
69 41
78 98
59 61
48 65
75 46
22 62
50 51
1 13
100 19
90 43
23 10
20 1
100 26
60 88
44 8
85 97
24 55
78 41
84 24
51 91
46 52
29 20
24 34
13 86
65 1
71 66
36 33
88 89
100 12
50 42
42 25
5 62
45 29
71 59
13 77
82 99
39 8
68 54
7 4
53 61
78 72
100 18
63 24
10 90
37 99
30 78
16 60
55 97
89 70
93 54
12 11
50 76
36 57
100 29
78 86
51 6
27 28
67 71
91 29
37 12
100 12
96 47
79 4
98 100
55 70
23 65
84 86
20 48
64 47
19 67
21 44
46 53
19 74
100 7
58 80
93 99
45 75
97 49
65 46
55 1
17 4
100 11
90 73
98 68
99 16
40 75
89 7
10 73
90 2
47 20
52 97
81 6
73 94
100 18
27 85
90 56
60 24
28 36
84 54
29 16
88 20
28 68
85 25
98 85
56 62
50 49
10 57
89 86
85 56
8 43
19 96
40 75
100 16
3 87
79 37
91 29
77 47
100 62
82 69
17 34
54 94
86 85
26 75
81 52
31 48
74 79
48 8
67 85
87 26
100 11
81 32
49 6
18 11
23 66
21 53
6 13
61 44
63 31
27 42
7 73
23 67
100 7
26 63
62 87
77 75
30 67
91 61
65 40
66 18
100 16
68 26
12 20
68 91
1 73
10 44
60 69
88 51
51 71
27 24
17 44
7 2
80 62
94 59
13 48
55 99
75 1
100 17
97 9
60 84
25 32
71 24
81 37
46 24
54 34
67 60
61 27
56 9
78 79
60 96
36 52
90 62
26 43
78 31
42 15
100 5
6 46
77 95
68 15
4 15
43 54
100 18
3 77
68 14
60 57
38 72
88 77
81 62
66 84
66 96
67 22
33 66
47 77
19 40
85 79
25 78
90 98
48 50
10 71
25 63
100 13
38 6
39 30
40 30
91 62
70 63
56 59
89 58
30 29
66 31
45 33
68 4
40 20
68 94
100 9
10 9
61 60
91 100
68 76
90 69
99 51
24 27
26 61
35 52
100 6
75 88
29 34
28 86
20 54
37 57
54 83
100 1
41 32
100 7
55 30
45 10
27 23
18 13
22 10
84 54
30 96
100 20
40 33
85 49
77 41
14 59
93 80
56 48
28 81
28 55
79 31
18 34
39 88
74 16
11 16
74 28
79 99
92 21
25 72
46 30
30 20
99 52
100 20
47 11
65 7
1 51
99 70
67 2
18 95
67 39
66 42
77 44
72 26
52 59
38 100
89 35
38 99
49 82
39 88
81 48
46 27
13 42
28 83
100 1
67 71
100 19
24 66
46 32
14 50
84 45
21 95
40 73
46 90
22 48
96 54
2 32
57 32
54 21
5 84
77 66
16 65
93 50
99 91
72 87
69 91
100 15
55 90
6 51
32 72
13 64
100 74
65 26
40 85
99 78
48 85
50 58
80 52
52 41
33 81
27 15
70 2
100 13
23 93
33 78
64 82
32 11
81 9
42 85
4 53
94 68
9 64
89 95
33 88
95 10
44 14
100 13
10 93
28 32
33 100
40 61
86 80
71 50
61 30
76 84
85 54
1 41
29 81
38 27
62 67
100 8
90 63
73 48
19 10
41 5
10 6
17 51
45 12
46 61
100 13
27 86
100 96
35 71
88 75
80 89
36 39
74 66
93 91
64 41
47 97
81 91
4 18
50 6
100 17
20 71
89 48
56 41
63 76
27 26
82 60
2 42
31 5
34 63
81 47
99 2
35 15
32 39
20 84
32 80
35 64
28 55
100 11
88 3
45 41
26 59
67 35
37 70
91 83
38 79
50 37
78 14
45 21
56 45
100 8
100 29
33 75
1 57
25 67
71 76
69 75
29 48
65 31
100 1
12 63
100 16
84 1
41 30
58 49
4 58
13 90
6 41
24 15
47 13
79 36
31 36
28 34
77 14
31 18
82 74
33 40
27 5
100 14
3 25
14 37
10 36
70 24
11 82
64 12
83 80
34 82
82 1
90 91
13 2
35 97
21 43
87 46
100 1
96 10
100 16
59 65
16 86
11 22
59 34
97 37
61 35
100 90
28 1
19 89
97 55
58 34
94 77
56 78
3 42
32 16
38 27
100 9
99 22
12 27
93 25
34 35
71 30
62 26
48 70
33 13
46 92
100 9
75 76
34 99
31 21
86 13
20 85
27 74
38 93
17 43
31 63
100 18
57 22
80 37
12 22
73 23
82 14
56 81
8 99
84 53
100 67
30 72
48 45
14 99
86 21
17 61
1 86
95 28
6 100
60 55
100 2
3 39
68 23
100 13
35 38
37 27
26 1
19 63
39 33
87 72
31 63
90 14
33 45
27 20
30 65
62 60
39 89
100 20
17 61
9 45
46 68
76 80
50 54
47 42
95 6
76 29
60 43
15 27
26 11
3 24
53 62
11 8
99 77
48 69
4 75
2 3
94 33
11 80
100 12
37 47
90 20
25 82
31 33
80 3
9 44
78 97
82 6
100 35
9 95
3 15
25 69
100 17
86 66
84 11
26 78
49 89
77 93
37 55
99 72
7 81
94 23
100 30
100 17
86 100
88 28
3 71
4 13
75 59
59 73
100 13
15 79
97 50
75 33
59 22
88 43
25 95
2 77
61 71
31 84
70 1
39 12
10 23
74 69
100 5
15 9
67 5
83 87
24 26
90 79
100 10
63 99
12 70
18 36
84 28
29 12
73 24
5 52
67 61
3 68
37 32
100 12
8 79
11 17
68 40
90 72
69 62
37 26
37 19
3 2
63 13
7 96
87 84
34 73
100 14
25 16
62 61
78 54
47 38
45 47
39 48
51 9
68 80
70 42
8 79
61 4
21 74
26 94
49 76
100 8
96 55
39 34
9 84
70 87
26 29
13 4
14 72
37 91
100 12
6 10
97 21
8 18
94 3
76 91
43 93
10 68
77 95
18 84
60 24
40 8
51 86
100 15
6 66
74 94
33 3
73 97
43 22
21 70
33 91
70 33
19 7
62 7
87 23
84 57
32 43
98 53
32 57
100 16
56 5
89 7
93 62
13 56
100 28
36 68
73 98
81 21
78 17
81 38
34 96
53 79
56 59
77 76
47 69
98 71
100 11
44 80
44 64
24 52
20 9
41 67
83 56
37 83
54 80
11 76
53 47
17 81
100 14
9 79
33 90
16 73
70 60
5 75
100 39
56 39
63 71
40 23
93 71
65 27
29 73
17 49
75 42
100 16
15 39
32 43
93 79
65 40
56 3
2 28
38 89
68 5
23 25
69 29
83 82
79 86
49 70
8 23
62 75
50 2
100 11
82 13
44 17
24 72
35 30
74 73
39 60
26 48
11 27
72 39
100 80
78 99
100 9
49 18
53 77
40 39
3 18
14 91
69 71
86 12
92 49
46 94
100 2
77 18
63 41
100 2
41 60
64 89
100 16
76 47
74 96
38 17
44 35
27 95
65 53
4 58
2 84
94 93
21 64
60 49
65 94
66 59
38 93
48 97
40 69
100 5
1 30
51 88
22 69
29 76
41 1
100 12
3 43
87 20
14 27
79 47
59 35
32 56
47 6
14 65
49 68
31 62
30 33
69 96
100 18
67 39
78 15
67 50
99 77
38 70
48 53
8 45
91 58
48 71
93 49
50 15
16 72
49 13
52 90
73 32
38 36
16 14
49 59
100 10
53 1
52 23
96 97
56 68
87 49
21 14
35 80
4 58
61 10
53 100
100 5
21 29
19 46
42 2
20 65
26 52
100 2
41 38
17 38
