2000 1999
533 678 1272 1417
56 228 679 851
1807 1990 726 909
1994 1995 1906 1907
737 738 970 971
1804 1805 457 458
149 150 684 685
1181 1182 683 684
7 8 1810 1811
271 272 1460 1461
1829 1830 1183 1184
1289 1290 904 905
418 419 1259 1260
1200 1201 520 521
1574 1575 1350 1351
818 819 335 336
725 726 1465 1466
144 145 883 884
1931 1932 1021 1022
1528 1529 377 378
641 642 1634 1635
1323 1324 992 993
1481 1482 404 405
1543 1544 209 210
1039 1040 999 1000
1019 1020 1307 1308
600 601 64 65
1313 1314 536 537
1627 1628 716 717
549 550 914 915
1033 1034 303 304
31 32 1370 1371
550 551 1270 1271
1926 1927 153 154
99 100 867 868
518 519 952 953
331 332 1370 1371
1056 1057 1182 1183
1175 1176 361 362
807 808 357 358
812 813 1084 1085
1095 1096 330 331
1550 1551 1597 1598
747 748 464 465
809 810 1882 1883
575 576 1254 1255
1262 1263 1849 1850
1769 1770 440 441
1563 1564 142 143
727 728 1098 1099
1871 1872 487 488
757 758 829 830
1170 1171 1541 1542
678 679 327 328
707 708 1019 1020
714 715 1041 1042
380 381 1733 1734
1700 1701 44 45
392 393 1414 1415
1876 1877 1514 1515
1151 1152 1976 1977
127 128 113 114
90 91 191 192
1713 1714 1244 1245
1056 1057 483 484
1872 1873 825 826
354 355 684 685
388 389 1028 1029
582 583 1217 1218
1805 1806 28 29
173 174 1984 1985
151 152 80 81
1105 1106 882 883
1257 1258 749 750
657 658 848 849
1976 1977 263 264
1034 1035 1517 1518
1032 1033 125 126
1883 1884 1220 1221
600 601 595 596
1101 1102 1839 1840
883 884 509 510
472 473 1243 1244
611 612 77 78
1817 1818 1170 1171
883 884 1076 1077
856 857 971 972
267 268 233 234
255 256 812 813
777 778 1370 1371
27 28 1654 1655
1703 1704 789 790
743 744 893 894
1308 1309 953 954
684 685 147 148
231 232 1366 1367
877 878 1947 1948
1301 1302 1867 1868
1059 1060 1254 1255
1780 1781 1843 1844
272 273 601 602
538 539 1845 1846
348 349 994 995
160 161 408 409
119 120 868 869
892 893 901 902
6 7 1618 1619
462 463 1072 1073
699 700 1395 1396
276 277 85 86
1788 1789 436 437
1317 1318 819 820
190 191 1922 1923
1329 1330 1082 1083
52 53 953 954
1871 1872 987 988
1645 1646 1852 1853
465 466 537 538
1257 1258 855 856
950 951 1497 1498
97 98 658 659
184 185 1672 1673
1360 1361 309 310
716 717 287 288
521 522 1217 1218
640 641 511 512
1764 1765 465 466
1230 1231 1716 1717
906 907 1149 1150
165 166 723 724
12 13 1641 1642
1762 1763 69 70
1784 1785 1613 1614
781 782 1172 1173
268 269 580 581
1706 1707 1900 1901
447 448 1341 1342
217 218 490 491
1093 1094 278 279
1519 1520 1500 1501
1724 1725 666 667
733 734 248 249
764 765 1351 1352
332 333 971 972
882 883 1911 1912
61 62 143 144
1007 1008 725 726
521 522 1151 1152
1718 1719 758 759
749 750 1041 1042
1239 1240 1264 1265
399 400 159 160
1578 1579 1132 1133
417 418 135 136
418 419 423 424
1232 1233 1695 1696
1413 1414 461 462
270 271 258 259
841 842 1601 1602
524 525 1473 1474
1876 1877 206 207
900 901 915 916
1651 1652 514 515
754 755 1329 1330
1983 1984 1544 1545
1817 1818 1418 1419
583 584 1463 1464
1023 1024 1517 1518
41 42 1561 1562
1762 1763 1139 1140
1978 1979 309 310
1914 1915 1353 1354
355 356 1518 1519
1069 1070 1725 1726
599 600 1744 1745
1575 1576 27 28
1474 1475 1086 1087
193 194 1168 1169
462 463 1502 1503
937 938 1196 1197
1260 1261 658 659
101 102 283 284
1410 1411 1997 1998
721 722 731 732
374 375 1455 1456
1812 1813 177 178
810 811 722 723
1255 1256 546 547
982 983 1414 1415
1779 1780 1746 1747
1820 1821 654 655
641 642 615 616
1881 1882 1078 1079
1945 1946 528 529
978 979 1493 1494
54 55 135 136
773 774 1524 1525
856 857 1436 1437
22 23 278 279
740 741 1815 1816
137 138 72 73
1109 1110 1911 1912
1204 1205 719 720
1926 1927 1322 1323
1312 1313 549 550
991 992 675 676
601 602 271 272
581 582 87 88
977 978 489 490
1638 1639 927 928
9 10 555 556
544 545 550 551
1332 1333 882 883
647 648 1553 1554
460 461 1491 1492
1548 1549 855 856
1198 1199 1089 1090
1505 1506 427 428
2 3 1453 1454
1585 1586 1484 1485
471 472 308 309
839 840 1172 1173
614 615 237 238
1954 1955 719 720
1495 1496 1407 1408
1574 1575 1404 1405
347 348 53 54
244 245 1553 1554
1654 1655 848 849
703 704 725 726
432 433 219 220
48 49 794 795
1487 1488 533 534
633 634 432 433
185 186 1392 1393
877 878 813 814
1002 1003 104 105
923 924 1486 1487
241 242 1104 1105
236 237 530 531
1125 1126 1157 1158
801 802 1941 1942
529 530 665 666
923 924 642 643
1399 1400 1563 1564
914 915 1029 1030
753 754 661 662
1633 1634 728 729
442 443 212 213
154 155 224 225
406 407 303 304
945 946 1799 1800
483 484 1932 1933
632 633 488 489
1365 1366 1526 1527
356 357 6 7
1931 1932 1238 1239
1506 1507 1228 1229
838 839 1491 1492
1183 1184 1614 1615
1573 1574 641 642
322 323 1332 1333
1181 1182 1603 1604
1415 1416 133 134
285 286 445 446
949 950 1760 1761
420 421 299 300
885 886 1716 1717
148 149 1974 1975
893 894 794 795
1144 1145 1543 1544
1193 1194 813 814
532 533 216 217
1189 1190 1934 1935
101 102 459 460
1250 1251 1859 1860
1085 1086 1312 1313
1267 1268 562 563
422 423 979 980
1005 1006 148 149
1220 1221 1167 1168
172 173 1392 1393
605 606 796 797
294 295 1262 1263
1460 1461 600 601
905 906 1566 1567
948 949 259 260
293 294 1410 1411
1202 1203 525 526
1052 1053 483 484
10 11 1038 1039
337 338 1625 1626
1710 1711 517 518
279 280 515 516
1479 1480 1386 1387
998 999 1425 1426
1523 1524 668 669
1551 1552 806 807
1245 1246 920 921
1913 1914 1839 1840
190 191 598 599
1647 1648 1231 1232
1820 1821 1362 1363
822 823 1754 1755
1888 1889 304 305
1761 1762 1430 1431
162 163 1126 1127
313 314 1231 1232
1452 1453 818 819
552 553 567 568
1592 1593 965 966
1534 1535 355 356
1846 1847 1094 1095
1173 1174 1597 1598
536 537 1179 1180
992 993 838 839
1848 1849 1660 1661
1405 1406 1481 1482
1346 1347 1449 1450
219 220 1713 1714
762 763 915 916
891 892 451 452
1899 1900 959 960
1321 1322 1456 1457
933 934 1126 1127
23 24 1123 1124
137 138 1724 1725
143 144 1634 1635
1396 1397 944 945
659 660 707 708
644 645 1466 1467
1761 1762 590 591
1454 1455 236 237
329 330 874 875
539 540 1777 1778
1217 1218 1215 1216
214 215 1502 1503
1076 1077 952 953
711 712 647 648
1367 1368 1386 1387
1005 1006 54 55
415 416 1614 1615
1275 1276 336 337
534 535 746 747
1914 1915 1135 1136
1818 1819 1700 1701
537 538 979 980
882 883 777 778
1449 1450 1585 1586
996 997 508 509
631 632 435 436
585 586 1133 1134
1743 1744 445 446
1138 1139 176 177
1907 1908 479 480
1119 1120 733 734
1782 1783 1040 1041
677 678 1454 1455
918 919 1174 1175
1802 1803 118 119
1456 1457 136 137
406 407 1009 1010
593 594 620 621
74 75 99 100
1783 1784 924 925
1925 1926 512 513
1326 1327 647 648
1666 1667 171 172
1395 1396 1253 1254
487 488 223 224
1747 1748 1092 1093
717 718 1992 1993
87 88 1627 1628
1541 1542 681 682
958 959 1762 1763
832 833 82 83
298 299 1632 1633
1321 1322 1047 1048
66 67 1638 1639
1803 1804 1405 1406
1668 1669 1566 1567
1424 1425 1638 1639
1989 1990 231 232
640 641 51 52
800 801 276 277
870 871 383 384
633 634 1944 1945
316 317 1165 1166
1681 1682 430 431
488 489 1959 1960
1192 1193 451 452
1008 1009 394 395
1579 1580 1341 1342
1009 1010 937 938
1308 1309 1067 1068
1445 1446 731 732
464 465 1253 1254
384 385 1820 1821
1892 1893 384 385
661 662 881 882
1489 1490 1237 1238
1108 1109 7 8
1189 1190 846 847
21 22 160 161
640 641 636 637
458 459 99 100
367 368 1926 1927
143 144 877 878
589 590 1323 1324
658 659 340 341
1382 1383 1006 1007
238 239 975 976
1428 1429 1911 1912
758 759 184 185
1811 1812 173 174
1236 1237 998 999
1546 1547 1091 1092
1802 1803 673 674
1630 1631 503 504
605 606 1663 1664
1814 1815 1785 1786
1940 1941 52 53
1609 1610 1549 1550
1590 1591 1658 1659
438 439 1423 1424
1642 1643 1709 1710
931 932 296 297
1521 1522 618 619
1333 1334 215 216
1248 1249 1192 1193
907 908 1565 1566
774 775 405 406
1431 1432 1135 1136
1898 1899 1145 1146
155 156 1333 1334
1181 1182 1153 1154
1249 1250 643 644
1689 1690 201 202
1712 1713 781 782
575 576 614 615
462 463 1750 1751
485 486 43 44
1304 1305 1087 1088
1706 1707 1649 1650
611 612 136 137
1141 1142 1221 1222
1763 1764 1196 1197
1065 1066 600 601
635 636 1809 1810
1410 1411 1212 1213
622 623 339 340
731 732 1372 1373
406 407 1997 1998
1923 1924 665 666
98 99 389 390
21 22 1275 1276
1502 1503 522 523
845 846 1435 1436
479 480 1470 1471
103 104 927 928
1520 1521 1757 1758
1106 1107 144 145
1036 1037 1886 1887
572 573 359 360
1750 1751 1345 1346
1253 1254 1844 1845
881 882 1341 1342
1299 1300 646 647
416 417 1224 1225
5 6 199 200
1685 1686 363 364
160 161 767 768
1747 1748 216 217
1216 1217 1096 1097
252 253 848 849
1170 1171 1444 1445
542 543 1347 1348
879 880 462 463
1836 1837 559 560
1936 1937 1472 1473
799 800 1595 1596
1410 1411 2 3
1324 1325 1954 1955
1275 1276 83 84
1675 1676 361 362
361 362 1214 1215
1943 1944 481 482
288 289 1398 1399
1289 1290 459 460
591 592 296 297
1288 1289 240 241
1788 1789 1146 1147
66 67 476 477
1901 1902 823 824
1107 1108 1683 1684
1509 1510 922 923
824 825 1233 1234
1247 1248 946 947
1048 1049 457 458
275 276 1981 1982
1125 1126 1708 1709
486 487 111 112
490 491 626 627
608 609 1298 1299
1882 1883 739 740
1269 1270 1967 1968
881 882 454 455
1588 1589 363 364
1023 1024 738 739
41 42 1139 1140
1057 1058 796 797
144 145 1273 1274
133 134 725 726
79 80 726 727
976 977 1782 1783
898 899 1183 1184
1530 1531 1439 1440
459 460 231 232
1239 1240 1423 1424
226 227 506 507
471 472 1213 1214
297 298 1993 1994
1181 1182 884 885
223 224 1085 1086
1451 1452 318 319
1423 1424 107 108
1472 1473 1054 1055
398 399 595 596
1021 1022 1597 1598
679 680 1693 1694
96 97 344 345
571 572 1232 1233
1321 1322 1428 1429
1740 1741 1226 1227
577 578 9 10
510 511 1684 1685
1500 1501 382 383
501 502 799 800
971 972 311 312
965 966 734 735
898 899 619 620
1407 1408 1847 1848
453 454 1083 1084
1095 1096 1341 1342
1368 1369 1881 1882
571 572 749 750
976 977 966 967
660 661 1819 1820
274 275 1491 1492
1582 1583 890 891
1669 1670 174 175
1022 1023 1080 1081
203 204 608 609
97 98 1352 1353
294 295 974 975
402 403 1990 1991
1366 1367 1313 1314
734 735 469 470
718 719 971 972
1165 1166 1792 1793
719 720 1877 1878
1860 1861 691 692
1698 1699 1388 1389
1923 1924 384 385
787 788 1792 1793
1656 1657 841 842
1593 1594 1665 1666
1099 1100 286 287
1873 1874 1163 1164
684 685 612 613
1020 1021 426 427
579 580 805 806
931 932 1859 1860
649 650 302 303
15 16 357 358
1881 1882 1494 1495
202 203 68 69
1481 1482 1591 1592
1922 1923 410 411
184 185 1783 1784
687 688 1803 1804
780 781 124 125
764 765 647 648
1790 1791 797 798
36 37 1582 1583
1567 1568 237 238
685 686 1593 1594
769 770 1751 1752
290 291 778 779
742 743 702 703
952 953 1534 1535
304 305 537 538
1089 1090 637 638
1750 1751 383 384
259 260 1975 1976
1600 1601 67 68
1783 1784 1494 1495
597 598 1606 1607
1588 1589 1632 1633
486 487 1697 1698
1954 1955 946 947
1677 1678 1791 1792
409 410 1921 1922
910 911 348 349
1804 1805 54 55
470 471 212 213
1408 1409 431 432
1275 1276 1872 1873
163 164 1081 1082
1810 1811 1500 1501
1454 1455 1340 1341
1087 1088 1182 1183
115 116 707 708
136 137 945 946
373 374 199 200
1081 1082 1654 1655
4 5 1000 1001
1646 1647 909 910
14 15 1350 1351
87 88 1378 1379
1265 1266 1777 1778
1472 1473 1838 1839
1244 1245 836 837
1344 1345 45 46
426 427 276 277
106 107 570 571
1531 1532 1376 1377
1257 1258 508 509
1377 1378 1943 1944
49 50 179 180
1970 1971 1066 1067
1897 1898 761 762
1258 1259 553 554
696 697 803 804
1391 1392 808 809
443 444 1609 1610
1083 1084 1108 1109
377 378 254 255
1824 1825 85 86
688 689 1334 1335
1348 1349 1364 1365
1190 1191 1997 1998
570 571 1864 1865
833 834 1484 1485
1978 1979 295 296
1334 1335 850 851
1221 1222 584 585
805 806 133 134
62 63 1159 1160
1589 1590 1953 1954
417 418 1487 1488
1032 1033 1876 1877
217 218 1386 1387
151 152 353 354
1860 1861 813 814
1180 1181 1373 1374
942 943 1674 1675
520 521 1856 1857
478 479 1730 1731
1198 1199 1536 1537
1190 1191 872 873
1176 1177 1927 1928
470 471 403 404
490 491 74 75
419 420 1840 1841
157 158 1146 1147
790 791 131 132
1015 1016 118 119
1289 1290 938 939
1312 1313 1099 1100
292 293 251 252
808 809 1377 1378
1848 1849 559 560
137 138 1246 1247
1227 1228 168 169
84 85 557 558
747 748 496 497
1264 1265 1647 1648
1161 1162 120 121
1270 1271 1108 1109
1440 1441 1721 1722
1690 1691 513 514
1554 1555 1254 1255
371 372 1775 1776
349 350 1075 1076
964 965 640 641
1474 1475 844 845
1499 1500 543 544
1812 1813 1873 1874
30 31 1968 1969
1015 1016 309 310
1402 1403 1941 1942
1727 1728 1847 1848
1309 1310 471 472
1211 1212 1596 1597
1650 1651 392 393
1825 1826 593 594
474 475 1926 1927
462 463 772 773
708 709 921 922
946 947 1291 1292
707 708 1263 1264
797 798 108 109
409 410 59 60
241 242 625 626
1168 1169 1889 1890
1463 1464 836 837
456 457 272 273
1917 1918 1160 1161
172 173 1876 1877
1557 1558 1361 1362
235 236 820 821
496 497 828 829
9 10 1969 1970
1644 1645 1254 1255
381 382 1445 1446
224 225 312 313
817 818 769 770
750 751 541 542
1993 1994 1411 1412
369 370 1196 1197
1269 1270 786 787
1141 1142 1493 1494
1211 1212 1549 1550
370 371 366 367
253 254 1657 1658
1525 1526 1884 1885
1571 1572 398 399
757 758 1549 1550
1663 1664 1447 1448
1224 1225 423 424
1365 1366 349 350
180 181 1681 1682
1585 1586 1579 1580
1009 1010 1469 1470
660 661 639 640
1815 1816 1202 1203
958 959 1054 1055
520 521 1973 1974
1574 1575 892 893
598 599 622 623
60 61 1747 1748
263 264 706 707
243 244 309 310
1580 1581 301 302
1395 1396 1230 1231
1305 1306 1934 1935
224 225 1813 1814
644 645 811 812
856 857 978 979
1556 1557 962 963
834 835 1756 1757
985 986 1640 1641
1918 1919 276 277
1176 1177 873 874
445 446 1390 1391
423 424 874 875
1808 1809 625 626
1861 1862 266 267
1804 1805 847 848
643 644 492 493
784 785 174 175
299 300 1563 1564
664 665 649 650
310 311 258 259
573 574 799 800
676 677 874 875
1052 1053 1654 1655
1227 1228 895 896
985 986 1937 1938
1951 1952 1769 1770
1139 1140 1649 1650
449 450 1450 1451
56 57 1552 1553
162 163 1668 1669
808 809 290 291
168 169 919 920
1351 1352 77 78
1076 1077 1980 1981
1140 1141 208 209
735 736 1881 1882
1906 1907 299 300
163 164 1483 1484
32 33 879 880
276 277 1529 1530
212 213 717 718
1516 1517 272 273
925 926 1693 1694
1907 1908 226 227
586 587 904 905
1626 1627 130 131
1340 1341 979 980
519 520 1041 1042
808 809 86 87
1699 1700 844 845
289 290 789 790
263 264 931 932
615 616 1997 1998
1707 1708 695 696
37 38 126 127
1848 1849 541 542
1601 1602 1668 1669
1801 1802 9 10
692 693 1293 1294
1215 1216 216 217
567 568 949 950
1503 1504 965 966
240 241 1962 1963
1170 1171 904 905
1927 1928 1250 1251
934 935 1118 1119
1890 1891 1396 1397
500 501 1874 1875
77 78 964 965
197 198 360 361
956 957 714 715
292 293 704 705
1023 1024 718 719
1682 1683 716 717
1194 1195 447 448
851 852 1668 1669
1110 1111 988 989
230 231 1436 1437
129 130 1792 1793
619 620 899 900
1033 1034 1808 1809
88 89 430 431
78 79 1577 1578
959 960 253 254
1617 1618 648 649
1851 1852 111 112
705 706 1629 1630
574 575 902 903
846 847 1688 1689
664 665 236 237
1371 1372 1851 1852
1200 1201 1730 1731
1995 1996 1187 1188
698 699 1791 1792
852 853 607 608
1023 1024 1996 1997
1983 1984 697 698
59 60 1473 1474
1797 1798 1108 1109
1940 1941 1623 1624
750 751 1207 1208
1606 1607 1607 1608
1459 1460 1601 1602
1888 1889 203 204
1709 1710 1518 1519
312 313 34 35
430 431 277 278
1194 1195 1256 1257
949 950 732 733
597 598 1821 1822
441 442 287 288
373 374 1444 1445
1794 1795 844 845
1481 1482 326 327
1711 1712 226 227
925 926 294 295
1089 1090 1183 1184
1576 1577 1095 1096
1427 1428 945 946
1975 1976 100 101
275 276 1920 1921
499 500 158 159
800 801 792 793
1266 1267 804 805
1712 1713 720 721
553 554 65 66
633 634 219 220
1279 1280 1860 1861
1256 1257 1320 1321
267 268 1251 1252
1381 1382 1073 1074
1381 1382 1075 1076
674 675 463 464
423 424 843 844
1313 1314 281 282
1599 1600 1948 1949
668 669 683 684
843 844 366 367
1095 1096 853 854
1679 1680 239 240
1585 1586 549 550
541 542 681 682
708 709 1457 1458
1457 1458 1578 1579
549 550 1738 1739
381 382 1099 1100
634 635 899 900
123 124 1445 1446
1091 1092 1636 1637
470 471 1225 1226
335 336 1011 1012
1828 1829 1454 1455
721 722 1408 1409
1024 1025 1399 1400
758 759 142 143
1958 1959 1848 1849
1721 1722 1443 1444
837 838 1938 1939
1653 1654 1599 1600
1170 1171 393 394
759 760 1381 1382
1936 1937 101 102
1082 1083 1497 1498
1227 1228 824 825
1073 1074 5 6
1711 1712 82 83
769 770 449 450
1797 1798 1383 1384
613 614 335 336
714 715 1782 1783
932 933 1683 1684
255 256 1466 1467
1786 1787 1491 1492
1465 1466 611 612
1441 1442 546 547
1624 1625 1083 1084
1552 1553 1993 1994
480 481 1313 1314
764 765 1366 1367
1635 1636 18 19
255 256 523 524
1401 1402 477 478
200 201 1486 1487
1186 1187 49 50
945 946 1036 1037
1319 1320 1508 1509
947 948 252 253
140 141 475 476
349 350 1808 1809
1717 1718 1970 1971
1267 1268 1224 1225
653 654 1655 1656
388 389 1946 1947
11 12 1024 1025
1741 1742 1230 1231
1079 1080 818 819
1573 1574 1023 1024
702 703 1739 1740
1354 1355 125 126
1017 1018 1944 1945
1861 1862 1556 1557
402 403 1229 1230
1918 1919 1318 1319
857 858 433 434
81 82 1334 1335
464 465 366 367
1551 1552 1109 1110
230 231 1020 1021
1381 1382 1433 1434
520 521 19 20
1701 1702 277 278
789 790 1521 1522
161 162 1874 1875
1878 1879 586 587
191 192 1708 1709
301 302 1599 1600
179 180 1445 1446
303 304 1787 1788
1228 1229 348 349
1552 1553 1651 1652
238 239 1471 1472
1045 1046 878 879
1781 1782 1334 1335
1917 1918 593 594
599 600 1995 1996
1343 1344 1908 1909
1959 1960 720 721
1021 1022 1250 1251
1642 1643 1993 1994
384 385 314 315
1164 1165 1327 1328
1470 1471 1957 1958
10 11 1595 1596
1588 1589 212 213
1877 1878 1504 1505
1675 1676 146 147
988 989 491 492
782 783 222 223
31 32 784 785
1024 1025 690 691
1250 1251 1641 1642
1080 1081 1535 1536
971 972 199 200
1701 1702 1709 1710
558 559 685 686
1650 1651 169 170
1240 1241 1256 1257
465 466 632 633
779 780 1762 1763
1691 1692 1308 1309
341 342 1500 1501
422 423 34 35
1957 1958 1684 1685
1385 1386 494 495
1191 1192 7 8
360 361 1659 1660
649 650 1237 1238
1434 1435 1521 1522
980 981 816 817
1537 1538 1750 1751
985 986 1152 1153
64 65 1497 1498
927 928 1034 1035
1850 1851 621 622
572 573 11 12
111 112 75 76
1589 1590 872 873
1210 1211 898 899
1040 1041 1771 1772
628 629 137 138
1067 1068 173 174
1281 1282 1231 1232
57 58 679 680
1857 1858 35 36
1211 1212 741 742
1941 1942 1691 1692
1191 1192 508 509
1426 1427 160 161
1077 1078 1707 1708
815 816 1505 1506
1182 1183 629 630
1366 1367 333 334
228 229 1577 1578
1768 1769 989 990
1513 1514 1139 1140
110 111 1614 1615
364 365 1240 1241
572 573 1561 1562
275 276 1289 1290
503 504 948 949
360 361 1325 1326
953 954 1630 1631
1227 1228 888 889
571 572 1230 1231
1693 1694 385 386
1013 1014 654 655
746 747 288 289
606 607 1844 1845
1677 1678 1007 1008
1646 1647 1300 1301
1800 1801 634 635
1090 1091 1504 1505
55 56 912 913
437 438 1548 1549
1733 1734 693 694
791 792 1599 1600
1862 1863 71 72
592 593 577 578
1168 1169 1776 1777
1512 1513 1175 1176
717 718 1441 1442
882 883 500 501
386 387 128 129
83 84 646 647
1469 1470 688 689
140 141 1729 1730
32 33 52 53
423 424 160 161
1053 1054 393 394
508 509 358 359
489 490 21 22
1485 1486 1192 1193
1342 1343 777 778
627 628 682 683
1035 1036 318 319
653 654 485 486
1795 1796 757 758
1407 1408 1100 1101
607 608 231 232
195 196 1908 1909
40 41 1019 1020
767 768 602 603
1396 1397 210 211
538 539 1482 1483
1900 1901 1917 1918
1520 1521 460 461
780 781 465 466
1178 1179 1275 1276
846 847 1795 1796
654 655 1159 1160
314 315 1003 1004
300 301 1113 1114
1885 1886 1076 1077
520 521 1098 1099
1782 1783 1142 1143
1241 1242 1395 1396
1924 1925 1817 1818
955 956 1226 1227
156 157 1752 1753
1936 1937 120 121
1327 1328 24 25
1799 1800 431 432
1349 1350 90 91
1882 1883 1901 1902
208 209 901 902
967 968 294 295
675 676 1591 1592
660 661 80 81
1724 1725 169 170
1491 1492 1240 1241
1349 1350 1398 1399
1032 1033 1932 1933
176 177 816 817
36 37 936 937
1950 1951 1950 1951
1740 1741 745 746
880 881 1712 1713
1329 1330 1667 1668
331 332 857 858
1997 1998 591 592
564 565 488 489
731 732 1109 1110
1493 1494 305 306
973 974 1467 1468
1516 1517 1549 1550
943 944 860 861
133 134 1357 1358
1679 1680 209 210
259 260 520 521
1879 1880 1729 1730
213 214 619 620
259 260 1574 1575
619 620 1091 1092
163 164 558 559
434 435 1362 1363
552 553 1523 1524
1636 1637 1021 1022
534 535 498 499
1211 1212 627 628
1179 1180 188 189
1810 1811 80 81
598 599 515 516
1133 1134 1361 1362
880 881 1660 1661
1589 1590 308 309
834 835 1631 1632
1992 1993 1873 1874
584 585 51 52
1902 1903 1212 1213
1615 1616 313 314
881 882 1855 1856
151 152 430 431
376 377 1433 1434
1428 1429 417 418
453 454 1309 1310
165 166 455 456
781 782 1880 1881
964 965 1505 1506
667 668 1576 1577
1037 1038 1588 1589
1289 1290 1378 1379
1619 1620 1651 1652
1250 1251 1022 1023
757 758 1557 1558
1158 1159 1512 1513
909 910 85 86
1875 1876 181 182
1709 1710 503 504
1992 1993 1591 1592
1093 1094 365 366
1630 1631 1812 1813
1759 1760 747 748
946 947 107 108
1256 1257 1003 1004
1869 1870 1597 1598
1895 1896 120 121
742 743 1640 1641
1747 1748 1462 1463
48 49 1429 1430
1678 1679 1991 1992
1557 1558 1495 1496
292 293 895 896
1008 1009 1602 1603
612 613 1838 1839
444 445 1678 1679
1028 1029 1311 1312
1819 1820 936 937
741 742 1011 1012
449 450 209 210
1956 1957 918 919
1184 1185 1002 1003
1030 1031 1083 1084
1836 1837 1784 1785
634 635 1562 1563
1192 1193 1733 1734
638 639 307 308
537 538 89 90
713 714 1467 1468
1650 1651 172 173
1578 1579 804 805
1552 1553 579 580
1844 1845 1525 1526
520 521 1785 1786
1628 1629 1694 1695
420 421 670 671
1684 1685 949 950
1477 1478 633 634
1596 1597 1136 1137
1372 1373 1525 1526
1917 1918 1595 1596
1278 1279 552 553
1711 1712 367 368
837 838 1721 1722
872 873 1435 1436
1606 1607 960 961
1240 1241 1544 1545
688 689 357 358
935 936 1386 1387
1018 1019 1694 1695
692 693 1592 1593
1211 1212 1950 1951
1373 1374 1456 1457
1481 1482 1397 1398
340 341 1277 1278
1605 1606 87 88
268 269 1632 1633
527 528 1050 1051
875 876 1896 1897
266 267 735 736
1607 1608 1891 1892
777 778 1034 1035
294 295 954 955
1480 1481 909 910
557 558 573 574
1424 1425 618 619
1297 1298 1924 1925
1522 1523 825 826
815 816 271 272
1791 1792 1230 1231
464 465 376 377
1143 1144 270 271
1851 1852 966 967
1256 1257 1735 1736
653 654 171 172
732 733 889 890
949 950 1795 1796
215 216 1914 1915
58 59 1790 1791
790 791 353 354
792 793 1592 1593
36 37 1219 1220
404 405 15 16
319 320 1485 1486
589 590 364 365
313 314 927 928
1721 1722 518 519
1573 1574 788 789
1625 1626 753 754
698 699 1025 1026
513 514 565 566
1694 1695 1451 1452
1786 1787 1735 1736
191 192 475 476
1675 1676 119 120
457 458 793 794
589 590 496 497
130 131 145 146
1350 1351 1373 1374
1628 1629 595 596
620 621 571 572
1289 1290 1672 1673
493 494 1502 1503
913 914 1779 1780
370 371 1940 1941
823 824 1313 1314
1669 1670 1841 1842
1193 1194 636 637
598 599 799 800
1086 1087 1247 1248
919 920 106 107
1390 1391 556 557
1361 1362 1597 1598
1095 1096 1224 1225
1545 1546 812 813
225 226 394 395
1695 1696 638 639
1554 1555 953 954
1616 1617 590 591
1842 1843 406 407
769 770 856 857
1391 1392 1548 1549
1480 1481 147 148
1295 1296 1357 1358
245 246 341 342
1065 1066 1953 1954
262 263 984 985
1960 1961 838 839
907 908 1404 1405
1142 1143 1556 1557
539 540 1095 1096
1544 1545 1033 1034
1632 1633 1211 1212
125 126 1923 1924
163 164 1065 1066
1625 1626 1248 1249
1176 1177 813 814
1386 1387 978 979
1609 1610 1331 1332
652 653 760 761
1650 1651 303 304
1836 1837 1981 1982
803 804 893 894
1129 1130 1295 1296
128 129 1158 1159
586 587 1822 1823
107 108 1243 1244
976 977 650 651
230 231 562 563
1322 1323 1880 1881
1022 1023 1039 1040
354 355 162 163
1443 1444 192 193
1334 1335 1637 1638
1226 1227 716 717
1059 1060 1249 1250
533 534 8 9
337 338 1339 1340
1070 1071 158 159
595 596 932 933
953 954 931 932
250 251 929 930
491 492 308 309
486 487 1681 1682
868 869 909 910
1894 1895 427 428
1153 1154 969 970
940 941 1060 1061
613 614 834 835
831 832 504 505
1563 1564 1239 1240
579 580 660 661
1542 1543 1927 1928
1923 1924 104 105
610 611 962 963
329 330 819 820
1693 1694 262 263
574 575 1287 1288
1115 1116 963 964
227 228 635 636
840 841 1615 1616
1252 1253 1072 1073
1735 1736 1172 1173
1047 1048 1526 1527
1310 1311 531 532
1573 1574 1183 1184
880 881 670 671
657 658 248 249
285 286 799 800
63 64 412 413
1679 1680 883 884
800 801 1926 1927
11 12 468 469
1392 1393 1294 1295
1873 1874 1667 1668
1259 1260 717 718
858 859 1269 1270
1714 1715 427 428
1860 1861 318 319
1158 1159 885 886
866 867 1494 1495
1124 1125 1264 1265
139 140 2 3
286 287 1974 1975
664 665 1378 1379
1682 1683 1990 1991
1317 1318 1116 1117
988 989 814 815
904 905 499 500
1043 1044 1892 1893
560 561 1067 1068
826 827 1126 1127
903 904 1361 1362
1780 1781 1889 1890
200 201 1654 1655
1704 1705 1409 1410
1474 1475 126 127
1632 1633 1040 1041
1887 1888 486 487
240 241 350 351
1614 1615 212 213
1338 1339 1114 1115
229 230 1525 1526
776 777 666 667
1922 1923 364 365
1562 1563 88 89
1995 1996 791 792
997 998 1040 1041
139 140 292 293
461 462 206 207
606 607 861 862
1779 1780 552 553
838 839 1405 1406
1190 1191 1111 1112
823 824 130 131
841 842 664 665
372 373 352 353
1050 1051 514 515
1583 1584 1041 1042
1829 1830 1610 1611
361 362 1139 1140
1179 1180 551 552
509 510 1611 1612
667 668 1861 1862
1472 1473 1359 1360
624 625 1380 1381
1165 1166 1394 1395
1626 1627 397 398
880 881 1464 1465
959 960 1901 1902
821 822 1039 1040
1156 1157 674 675
237 238 1191 1192
1979 1980 191 192
1734 1735 855 856
1923 1924 322 323
614 615 11 12
1343 1344 1779 1780
1287 1288 1450 1451
193 194 1545 1546
759 760 696 697
450 451 1246 1247
1225 1226 663 664
1908 1909 768 769
711 712 1015 1016
1398 1399 301 302
1585 1586 1744 1745
278 279 363 364
1135 1136 872 873
1001 1002 1811 1812
386 387 1623 1624
1895 1896 98 99
1707 1708 819 820
171 172 896 897
1190 1191 893 894
1717 1718 1542 1543
720 721 612 613
1258 1259 984 985
678 679 1134 1135
1795 1796 678 679
389 390 1919 1920
1237 1238 1180 1181
326 327 725 726
1719 1720 819 820
982 983 357 358
1723 1724 386 387
979 980 1791 1792
1886 1887 461 462
1128 1129 1757 1758
201 202 1726 1727
1217 1218 1107 1108
1013 1014 256 257
777 778 1443 1444
1436 1437 474 475
1400 1401 28 29
1602 1603 323 324
271 272 1977 1978
590 591 364 365
1514 1515 321 322
946 947 1032 1033
1751 1752 796 797
751 752 110 111
1264 1265 1190 1191
306 307 1161 1162
1948 1949 1524 1525
1520 1521 1282 1283
753 754 727 728
1951 1952 467 468
1299 1300 916 917
38 39 785 786
1733 1734 822 823
1670 1671 1801 1802
1903 1904 143 144
156 157 1811 1812
731 732 261 262
882 883 863 864
368 369 649 650
1823 1824 1722 1723
577 578 1267 1268
1264 1265 1212 1213
1387 1388 1638 1639
801 802 1040 1041
291 292 573 574
1871 1872 386 387
643 644 936 937
937 938 1290 1291
1525 1526 1662 1663
1323 1324 1283 1284
579 580 984 985
1614 1615 1795 1796
1298 1299 773 774
1677 1678 1750 1751
1973 1974 950 951
876 877 1389 1390
558 559 1585 1586
21 22 93 94
168 169 528 529
1936 1937 1742 1743
305 306 1647 1648
299 300 210 211
427 428 1115 1116
1318 1319 1747 1748
1728 1729 1841 1842
74 75 1317 1318
1730 1731 1822 1823
1636 1637 968 969
1085 1086 199 200
712 713 644 645
1703 1704 1087 1088
740 741 1821 1822
1229 1230 607 608
1455 1456 1104 1105
1955 1956 1203 1204
610 611 515 516
139 140 1704 1705
1739 1740 1795 1796
1051 1052 294 295
1347 1348 1738 1739
1680 1681 1156 1157
654 655 1958 1959
460 461 1842 1843
117 118 929 930
905 906 978 979
584 585 77 78
1234 1235 392 393
1873 1874 276 277
123 124 737 738
400 401 178 179
886 887 1820 1821
286 287 1989 1990
1354 1355 915 916
489 490 751 752
1471 1472 852 853
1377 1378 1395 1396
705 706 383 384
1503 1504 452 453
1371 1372 1293 1294
1530 1531 1581 1582
1876 1877 59 60
801 802 483 484
1265 1266 57 58
1723 1724 551 552
993 994 1131 1132
1303 1304 905 906
1236 1237 1361 1362
454 455 1263 1264
228 229 1078 1079
467 468 1703 1704
1017 1018 319 320
1145 1146 826 827
747 748 731 732
371 372 1539 1540
256 257 847 848
1501 1502 1616 1617
1024 1025 253 254
1934 1935 1645 1646
406 407 1142 1143
1917 1918 752 753
779 780 250 251
247 248 1745 1746
1429 1430 1072 1073
950 951 139 140
1251 1252 1539 1540
734 735 551 552
1090 1091 726 727
1371 1372 1729 1730
219 220 389 390
145 146 914 915
1288 1289 1283 1284
1759 1760 1466 1467
1834 1835 1835 1836
1860 1861 135 136
1325 1326 975 976
114 115 171 172
567 568 1211 1212
1009 1010 1143 1144
833 834 227 228
1477 1478 1199 1200
668 669 1109 1110
1423 1424 1329 1330
1231 1232 1570 1571
804 805 192 193
558 559 933 934
300 301 1051 1052
471 472 1806 1807
1657 1658 832 833
264 265 471 472
401 402 1618 1619
1721 1722 1862 1863
466 467 1041 1042
624 625 849 850
282 283 1845 1846
161 162 1076 1077
400 401 1260 1261
703 704 1902 1903
1167 1168 1664 1665
254 255 297 298
535 536 357 358
1508 1509 1963 1964
894 895 1932 1933
1067 1068 1244 1245
1691 1692 518 519
488 489 1843 1844
1559 1560 1918 1919
318 319 783 784
1083 1084 306 307
250 251 1372 1373
1254 1255 1786 1787
1069 1070 1265 1266
1228 1229 1676 1677
127 128 1654 1655
64 65 1170 1171
789 790 1569 1570
1920 1921 1640 1641
1995 1996 1428 1429
1218 1219 485 486
1288 1289 214 215
148 149 910 911
1869 1870 1748 1749
413 414 1075 1076
1178 1179 335 336
1933 1934 88 89
1997 1998 62 63
105 106 806 807
323 324 61 62
937 938 990 991
178 179 1175 1176
1514 1515 1195 1196
817 818 1445 1446
824 825 1439 1440
774 775 1138 1139
1537 1538 417 418
532 533 1509 1510
373 374 1585 1586
1043 1044 1841 1842
1332 1333 316 317
1474 1475 1943 1944
1811 1812 18 19
898 899 539 540
716 717 725 726
748 749 1553 1554
451 452 1088 1089
394 395 1930 1931
1114 1115 1722 1723
702 703 400 401
332 333 417 418
1697 1698 207 208
70 71 1505 1506
494 495 677 678
60 61 1303 1304
1336 1337 1404 1405
723 724 533 534
1085 1086 1937 1938
737 738 993 994
1797 1798 133 134
1636 1637 874 875
1718 1719 100 101
1912 1913 82 83
704 705 1498 1499
1351 1352 1676 1677
554 555 1175 1176
36 37 499 500
1652 1653 815 816
1531 1532 393 394
1821 1822 1364 1365
368 369 1926 1927
471 472 784 785
1648 1649 922 923
1552 1553 1155 1156
1473 1474 1572 1573
814 815 1636 1637
959 960 1365 1366
34 35 560 561
532 533 867 868
58 59 353 354
1628 1629 1567 1568
1824 1825 858 859
752 753 881 882
1103 1104 689 690
512 513 505 506
347 348 529 530
399 400 1545 1546
1666 1667 1472 1473
1601 1602 508 509
241 242 535 536
1450 1451 622 623
1242 1243 1550 1551
320 321 1020 1021
73 74 381 382
587 588 807 808
669 670 1083 1084
1845 1846 1649 1650
518 519 86 87
763 764 181 182
663 664 1021 1022
341 342 771 772
1404 1405 1545 1546
1842 1843 633 634
776 777 826 827
1618 1619 1656 1657
1700 1701 882 883
445 446 832 833
52 53 393 394
1462 1463 1838 1839
288 289 954 955
1417 1418 1405 1406
1863 1864 138 139
576 577 4 5
1492 1493 470 471
378 379 1160 1161
929 930 864 865
930 931 1308 1309
1914 1915 1739 1740
412 413 1168 1169
1711 1712 1108 1109
1080 1081 1281 1282
1671 1672 146 147
572 573 719 720
1150 1151 797 798
475 476 851 852
69 70 1296 1297
1668 1669 1439 1440
704 705 1669 1670
1131 1132 1732 1733
1679 1680 1816 1817
1046 1047 1848 1849
1523 1524 821 822
1981 1982 1179 1180
222 223 142 143
1045 1046 1756 1757
1171 1172 685 686
993 994 518 519
196 197 1261 1262
459 460 1820 1821
1712 1713 773 774
1547 1548 1071 1072
1115 1116 450 451
94 95 1661 1662
1203 1204 340 341
610 611 1608 1609
1514 1515 513 514
646 647 817 818
375 376 1596 1597
661 662 548 549
817 818 1800 1801
704 705 429 430
559 560 348 349
69 70 970 971
1616 1617 72 73
1075 1076 546 547
1140 1141 1720 1721
661 662 1975 1976
229 230 1957 1958
1704 1705 254 255
476 477 1869 1870
1975 1976 943 944
1895 1896 171 172
838 839 1025 1026
1153 1154 1282 1283
879 880 685 686
737 738 1801 1802
617 618 1115 1116
1821 1822 756 757
1122 1123 1584 1585
109 110 758 759
936 937 1201 1202
496 497 1943 1944
777 778 1191 1192
679 680 1875 1876
1705 1706 344 345
1623 1624 95 96
1260 1261 81 82
348 349 1787 1788
272 273 1733 1734
318 319 634 635
1528 1529 1808 1809
1320 1321 1564 1565
1001 1002 1895 1896
176 177 1788 1789
279 280 1293 1294
947 948 1611 1612
420 421 1205 1206
1069 1070 1928 1929
1041 1042 164 165
1557 1558 1156 1157
600 601 1603 1604
1334 1335 1583 1584
1073 1074 222 223
1739 1740 1108 1109
177 178 912 913
231 232 1710 1711
1932 1933 998 999
294 295 1898 1899
1129 1130 438 439
1138 1139 1914 1915
1280 1281 134 135
356 357 710 711
1449 1450 998 999
1256 1257 1149 1150
1029 1030 167 168
1942 1943 1183 1184
999 1000 1209 1210
116 117 1737 1738
1416 1417 717 718
686 687 1418 1419
210 211 434 435
198 199 1799 1800
553 554 921 922
1286 1287 1319 1320
629 630 1666 1667
853 854 1624 1625
301 302 1887 1888
1257 1258 1189 1190
618 619 843 844
957 958 145 146
1216 1217 781 782
1856 1857 1921 1922
661 662 881 882
1344 1345 1263 1264
1672 1673 344 345
664 665 191 192
215 216 1515 1516
1271 1272 852 853
682 683 1587 1588
956 957 1724 1725
826 827 1939 1940
1368 1369 159 160
1854 1855 566 567
407 408 299 300
1336 1337 1871 1872
1654 1655 997 998
26 27 1328 1329
111 112 964 965
322 323 568 569
624 625 808 809
852 853 899 900
978 979 202 203
1577 1578 83 84
492 493 123 124
1074 1075 1953 1954
740 741 1438 1439
1473 1474 874 875
1597 1598 214 215
486 487 797 798
1021 1022 265 266
1845 1846 322 323
22 23 775 776
306 307 1677 1678
1172 1173 247 248
1150 1151 682 683
1458 1459 1048 1049
1665 1666 889 890
440 441 1056 1057
991 992 1797 1798
398 399 93 94
1310 1311 480 481
227 228 169 170
1550 1551 315 316
1400 1401 602 603
1958 1959 1837 1838
140 141 945 946
811 812 490 491
631 632 1372 1373
1647 1648 643 644
144 145 1169 1170
1457 1458 577 578
1339 1340 201 202
535 536 1522 1523
1042 1043 1502 1503
1411 1412 560 561
1439 1440 627 628
114 115 1612 1613
1142 1143 1650 1651
142 143 810 811
1738 1739 631 632
1665 1666 614 615
71 72 1258 1259
1162 1163 1143 1144
1321 1322 467 468
1352 1353 1822 1823
1946 1947 440 441
60 61 1995 1996
1183 1184 1151 1152
1422 1423 636 637
1883 1884 471 472
61 62 85 86
687 688 177 178
1116 1117 1783 1784
1607 1608 922 923
34 35 1614 1615
283 284 1239 1240
303 304 910 911
705 706 231 232
813 814 712 713
241 242 83 84
897 898 1838 1839
609 610 628 629
595 596 1385 1386
850 851 1049 1050
1677 1678 608 609
51 52 1719 1720
346 347 393 394
1119 1120 1057 1058
854 855 1248 1249
1160 1161 1527 1528
1958 1959 369 370
605 606 192 193
1788 1789 1297 1298
1039 1040 272 273
422 423 15 16
875 876 1704 1705
994 995 1382 1383
542 543 412 413
410 411 1578 1579
107 108 32 33
1475 1476 1802 1803
290 291 152 153
259 260 855 856
257 258 1850 1851
1242 1243 1129 1130
1004 1005 955 956
756 757 1494 1495
1623 1624 1590 1591
1995 1996 1057 1058
56 57 138 139
1313 1314 166 167
703 704 370 371
215 216 486 487
1666 1667 1053 1054
236 237 1470 1471
864 865 1292 1293
1172 1173 173 174
135 136 1733 1734
1177 1178 744 745
568 569 1881 1882
1272 1273 1410 1411
1053 1054 401 402
1209 1210 1083 1084
1522 1523 1571 1572
91 92 1929 1930
1920 1921 606 607
599 600 834 835
542 543 1934 1935
116 117 608 609
1084 1085 1516 1517
590 591 265 266
1817 1818 1979 1980
1633 1634 1569 1570
307 308 381 382
1543 1544 355 356
1066 1067 343 344
512 513 1663 1664
721 722 1640 1641
848 849 408 409
1192 1193 210 211
790 791 362 363
1667 1668 484 485
1091 1092 710 711
237 238 445 446
919 920 471 472
1321 1322 1674 1675
170 171 265 266
769 770 1425 1426
69 70 394 395
871 872 429 430
463 464 1893 1894
267 268 1486 1487
394 395 1125 1126
1408 1409 881 882
904 905 88 89
1103 1104 888 889
39 40 227 228
630 631 681 682
1151 1152 310 311
99 100 684 685
636 637 1904 1905
1693 1694 1503 1504
265 266 165 166
546 547 899 900
191 192 473 474
1713 1714 1517 1518
1947 1948 908 909
512 513 1914 1915
1340 1341 536 537
1059 1060 829 830
473 474 487 488
197 198 1812 1813
39 40 900 901
1651 1652 1811 1812
1161 1162 372 373
1779 1780 1149 1150
575 576 404 405
138 139 1643 1644
181 182 641 642
1396 1397 1143 1144
2000 1999
533 678 1272 1417
56 228 679 851
1807 1990 726 909
1994 1995 1906 1907
737 738 970 971
1804 1805 457 458
149 150 684 685
1181 1182 683 684
7 8 1810 1811
271 272 1460 1461
1829 1830 1183 1184
1289 1290 904 905
418 419 1259 1260
1200 1201 520 521
1574 1575 1350 1351
818 819 335 336
725 726 1465 1466
144 145 883 884
1931 1932 1021 1022
1528 1529 377 378
641 642 1634 1635
1323 1324 992 993
1481 1482 404 405
1543 1544 209 210
1039 1040 999 1000
1019 1020 1307 1308
600 601 64 65
1313 1314 536 537
1627 1628 716 717
549 550 914 915
1033 1034 303 304
31 32 1370 1371
550 551 1270 1271
1926 1927 153 154
99 100 867 868
518 519 952 953
331 332 1370 1371
1056 1057 1182 1183
1175 1176 361 362
807 808 357 358
812 813 1084 1085
1095 1096 330 331
1550 1551 1597 1598
747 748 464 465
809 810 1882 1883
575 576 1254 1255
1262 1263 1849 1850
1769 1770 440 441
1563 1564 142 143
727 728 1098 1099
1871 1872 487 488
757 758 829 830
1170 1171 1541 1542
678 679 327 328
707 708 1019 1020
714 715 1041 1042
380 381 1733 1734
1700 1701 44 45
392 393 1414 1415
1876 1877 1514 1515
1151 1152 1976 1977
127 128 113 114
90 91 191 192
1713 1714 1244 1245
1056 1057 483 484
1872 1873 825 826
354 355 684 685
388 389 1028 1029
582 583 1217 1218
1805 1806 28 29
173 174 1984 1985
151 152 80 81
1105 1106 882 883
1257 1258 749 750
657 658 848 849
1976 1977 263 264
1034 1035 1517 1518
1032 1033 125 126
1883 1884 1220 1221
600 601 595 596
1101 1102 1839 1840
883 884 509 510
472 473 1243 1244
611 612 77 78
1817 1818 1170 1171
883 884 1076 1077
856 857 971 972
267 268 233 234
255 256 812 813
777 778 1370 1371
27 28 1654 1655
1703 1704 789 790
743 744 893 894
1308 1309 953 954
684 685 147 148
231 232 1366 1367
877 878 1947 1948
1301 1302 1867 1868
1059 1060 1254 1255
1780 1781 1843 1844
272 273 601 602
538 539 1845 1846
348 349 994 995
160 161 408 409
119 120 868 869
892 893 901 902
6 7 1618 1619
462 463 1072 1073
699 700 1395 1396
276 277 85 86
1788 1789 436 437
1317 1318 819 820
190 191 1922 1923
1329 1330 1082 1083
52 53 953 954
1871 1872 987 988
1645 1646 1852 1853
465 466 537 538
1257 1258 855 856
950 951 1497 1498
97 98 658 659
184 185 1672 1673
1360 1361 309 310
716 717 287 288
521 522 1217 1218
640 641 511 512
1764 1765 465 466
1230 1231 1716 1717
906 907 1149 1150
165 166 723 724
12 13 1641 1642
1762 1763 69 70
1784 1785 1613 1614
781 782 1172 1173
268 269 580 581
1706 1707 1900 1901
447 448 1341 1342
217 218 490 491
1093 1094 278 279
1519 1520 1500 1501
1724 1725 666 667
733 734 248 249
764 765 1351 1352
332 333 971 972
882 883 1911 1912
61 62 143 144
1007 1008 725 726
521 522 1151 1152
1718 1719 758 759
749 750 1041 1042
1239 1240 1264 1265
399 400 159 160
1578 1579 1132 1133
417 418 135 136
418 419 423 424
1232 1233 1695 1696
1413 1414 461 462
270 271 258 259
841 842 1601 1602
524 525 1473 1474
1876 1877 206 207
900 901 915 916
1651 1652 514 515
754 755 1329 1330
1983 1984 1544 1545
1817 1818 1418 1419
583 584 1463 1464
1023 1024 1517 1518
41 42 1561 1562
1762 1763 1139 1140
1978 1979 309 310
1914 1915 1353 1354
355 356 1518 1519
1069 1070 1725 1726
599 600 1744 1745
1575 1576 27 28
1474 1475 1086 1087
193 194 1168 1169
462 463 1502 1503
937 938 1196 1197
1260 1261 658 659
101 102 283 284
1410 1411 1997 1998
721 722 731 732
374 375 1455 1456
1812 1813 177 178
810 811 722 723
1255 1256 546 547
982 983 1414 1415
1779 1780 1746 1747
1820 1821 654 655
641 642 615 616
1881 1882 1078 1079
1945 1946 528 529
978 979 1493 1494
54 55 135 136
773 774 1524 1525
856 857 1436 1437
22 23 278 279
740 741 1815 1816
137 138 72 73
1109 1110 1911 1912
1204 1205 719 720
1926 1927 1322 1323
1312 1313 549 550
991 992 675 676
601 602 271 272
581 582 87 88
977 978 489 490
1638 1639 927 928
9 10 555 556
544 545 550 551
1332 1333 882 883
647 648 1553 1554
460 461 1491 1492
1548 1549 855 856
1198 1199 1089 1090
1505 1506 427 428
2 3 1453 1454
1585 1586 1484 1485
471 472 308 309
839 840 1172 1173
614 615 237 238
1954 1955 719 720
1495 1496 1407 1408
1574 1575 1404 1405
347 348 53 54
244 245 1553 1554
1654 1655 848 849
703 704 725 726
432 433 219 220
48 49 794 795
1487 1488 533 534
633 634 432 433
185 186 1392 1393
877 878 813 814
1002 1003 104 105
923 924 1486 1487
241 242 1104 1105
236 237 530 531
1125 1126 1157 1158
801 802 1941 1942
529 530 665 666
923 924 642 643
1399 1400 1563 1564
914 915 1029 1030
753 754 661 662
1633 1634 728 729
442 443 212 213
154 155 224 225
406 407 303 304
945 946 1799 1800
483 484 1932 1933
632 633 488 489
1365 1366 1526 1527
356 357 6 7
1931 1932 1238 1239
1506 1507 1228 1229
838 839 1491 1492
1183 1184 1614 1615
1573 1574 641 642
322 323 1332 1333
1181 1182 1603 1604
1415 1416 133 134
285 286 445 446
949 950 1760 1761
420 421 299 300
885 886 1716 1717
148 149 1974 1975
893 894 794 795
1144 1145 1543 1544
1193 1194 813 814
532 533 216 217
1189 1190 1934 1935
101 102 459 460
1250 1251 1859 1860
1085 1086 1312 1313
1267 1268 562 563
422 423 979 980
1005 1006 148 149
1220 1221 1167 1168
172 173 1392 1393
605 606 796 797
294 295 1262 1263
1460 1461 600 601
905 906 1566 1567
948 949 259 260
293 294 1410 1411
1202 1203 525 526
1052 1053 483 484
10 11 1038 1039
337 338 1625 1626
1710 1711 517 518
279 280 515 516
1479 1480 1386 1387
998 999 1425 1426
1523 1524 668 669
1551 1552 806 807
1245 1246 920 921
1913 1914 1839 1840
190 191 598 599
1647 1648 1231 1232
1820 1821 1362 1363
822 823 1754 1755
1888 1889 304 305
1761 1762 1430 1431
162 163 1126 1127
313 314 1231 1232
1452 1453 818 819
552 553 567 568
1592 1593 965 966
1534 1535 355 356
1846 1847 1094 1095
1173 1174 1597 1598
536 537 1179 1180
992 993 838 839
1848 1849 1660 1661
1405 1406 1481 1482
1346 1347 1449 1450
219 220 1713 1714
762 763 915 916
891 892 451 452
1899 1900 959 960
1321 1322 1456 1457
933 934 1126 1127
23 24 1123 1124
137 138 1724 1725
143 144 1634 1635
1396 1397 944 945
659 660 707 708
644 645 1466 1467
1761 1762 590 591
1454 1455 236 237
329 330 874 875
539 540 1777 1778
1217 1218 1215 1216
214 215 1502 1503
1076 1077 952 953
711 712 647 648
1367 1368 1386 1387
1005 1006 54 55
415 416 1614 1615
1275 1276 336 337
534 535 746 747
1914 1915 1135 1136
1818 1819 1700 1701
537 538 979 980
882 883 777 778
1449 1450 1585 1586
996 997 508 509
631 632 435 436
585 586 1133 1134
1743 1744 445 446
1138 1139 176 177
1907 1908 479 480
1119 1120 733 734
1782 1783 1040 1041
677 678 1454 1455
918 919 1174 1175
1802 1803 118 119
1456 1457 136 137
406 407 1009 1010
593 594 620 621
74 75 99 100
1783 1784 924 925
1925 1926 512 513
1326 1327 647 648
1666 1667 171 172
1395 1396 1253 1254
487 488 223 224
1747 1748 1092 1093
717 718 1992 1993
87 88 1627 1628
1541 1542 681 682
958 959 1762 1763
832 833 82 83
298 299 1632 1633
1321 1322 1047 1048
66 67 1638 1639
1803 1804 1405 1406
1668 1669 1566 1567
1424 1425 1638 1639
1989 1990 231 232
640 641 51 52
800 801 276 277
870 871 383 384
633 634 1944 1945
316 317 1165 1166
1681 1682 430 431
488 489 1959 1960
1192 1193 451 452
1008 1009 394 395
1579 1580 1341 1342
1009 1010 937 938
1308 1309 1067 1068
1445 1446 731 732
464 465 1253 1254
384 385 1820 1821
1892 1893 384 385
661 662 881 882
1489 1490 1237 1238
1108 1109 7 8
1189 1190 846 847
21 22 160 161
640 641 636 637
458 459 99 100
367 368 1926 1927
143 144 877 878
589 590 1323 1324
658 659 340 341
1382 1383 1006 1007
238 239 975 976
1428 1429 1911 1912
758 759 184 185
1811 1812 173 174
1236 1237 998 999
1546 1547 1091 1092
1802 1803 673 674
1630 1631 503 504
605 606 1663 1664
1814 1815 1785 1786
1940 1941 52 53
1609 1610 1549 1550
1590 1591 1658 1659
438 439 1423 1424
1642 1643 1709 1710
931 932 296 297
1521 1522 618 619
1333 1334 215 216
1248 1249 1192 1193
907 908 1565 1566
774 775 405 406
1431 1432 1135 1136
1898 1899 1145 1146
155 156 1333 1334
1181 1182 1153 1154
1249 1250 643 644
1689 1690 201 202
1712 1713 781 782
575 576 614 615
462 463 1750 1751
485 486 43 44
1304 1305 1087 1088
1706 1707 1649 1650
611 612 136 137
1141 1142 1221 1222
1763 1764 1196 1197
1065 1066 600 601
635 636 1809 1810
1410 1411 1212 1213
622 623 339 340
731 732 1372 1373
406 407 1997 1998
1923 1924 665 666
98 99 389 390
21 22 1275 1276
1502 1503 522 523
845 846 1435 1436
479 480 1470 1471
103 104 927 928
1520 1521 1757 1758
1106 1107 144 145
1036 1037 1886 1887
572 573 359 360
1750 1751 1345 1346
1253 1254 1844 1845
881 882 1341 1342
1299 1300 646 647
416 417 1224 1225
5 6 199 200
1685 1686 363 364
160 161 767 768
1747 1748 216 217
1216 1217 1096 1097
252 253 848 849
1170 1171 1444 1445
542 543 1347 1348
879 880 462 463
1836 1837 559 560
1936 1937 1472 1473
799 800 1595 1596
1410 1411 2 3
1324 1325 1954 1955
1275 1276 83 84
1675 1676 361 362
361 362 1214 1215
1943 1944 481 482
288 289 1398 1399
1289 1290 459 460
591 592 296 297
1288 1289 240 241
1788 1789 1146 1147
66 67 476 477
1901 1902 823 824
1107 1108 1683 1684
1509 1510 922 923
824 825 1233 1234
1247 1248 946 947
1048 1049 457 458
275 276 1981 1982
1125 1126 1708 1709
486 487 111 112
490 491 626 627
608 609 1298 1299
1882 1883 739 740
1269 1270 1967 1968
881 882 454 455
1588 1589 363 364
1023 1024 738 739
41 42 1139 1140
1057 1058 796 797
144 145 1273 1274
133 134 725 726
79 80 726 727
976 977 1782 1783
898 899 1183 1184
1530 1531 1439 1440
459 460 231 232
1239 1240 1423 1424
226 227 506 507
471 472 1213 1214
297 298 1993 1994
1181 1182 884 885
223 224 1085 1086
1451 1452 318 319
1423 1424 107 108
1472 1473 1054 1055
398 399 595 596
1021 1022 1597 1598
679 680 1693 1694
96 97 344 345
571 572 1232 1233
1321 1322 1428 1429
1740 1741 1226 1227
577 578 9 10
510 511 1684 1685
1500 1501 382 383
501 502 799 800
971 972 311 312
965 966 734 735
898 899 619 620
1407 1408 1847 1848
453 454 1083 1084
1095 1096 1341 1342
1368 1369 1881 1882
571 572 749 750
976 977 966 967
660 661 1819 1820
274 275 1491 1492
1582 1583 890 891
1669 1670 174 175
1022 1023 1080 1081
203 204 608 609
97 98 1352 1353
294 295 974 975
402 403 1990 1991
1366 1367 1313 1314
734 735 469 470
718 719 971 972
1165 1166 1792 1793
719 720 1877 1878
1860 1861 691 692
1698 1699 1388 1389
1923 1924 384 385
787 788 1792 1793
1656 1657 841 842
1593 1594 1665 1666
1099 1100 286 287
1873 1874 1163 1164
684 685 612 613
1020 1021 426 427
579 580 805 806
931 932 1859 1860
649 650 302 303
15 16 357 358
1881 1882 1494 1495
202 203 68 69
1481 1482 1591 1592
1922 1923 410 411
184 185 1783 1784
687 688 1803 1804
780 781 124 125
764 765 647 648
1790 1791 797 798
36 37 1582 1583
1567 1568 237 238
685 686 1593 1594
769 770 1751 1752
290 291 778 779
742 743 702 703
952 953 1534 1535
304 305 537 538
1089 1090 637 638
1750 1751 383 384
259 260 1975 1976
1600 1601 67 68
1783 1784 1494 1495
597 598 1606 1607
1588 1589 1632 1633
486 487 1697 1698
1954 1955 946 947
1677 1678 1791 1792
409 410 1921 1922
910 911 348 349
1804 1805 54 55
470 471 212 213
1408 1409 431 432
1275 1276 1872 1873
163 164 1081 1082
1810 1811 1500 1501
1454 1455 1340 1341
1087 1088 1182 1183
115 116 707 708
136 137 945 946
373 374 199 200
1081 1082 1654 1655
4 5 1000 1001
1646 1647 909 910
14 15 1350 1351
87 88 1378 1379
1265 1266 1777 1778
1472 1473 1838 1839
1244 1245 836 837
1344 1345 45 46
426 427 276 277
106 107 570 571
1531 1532 1376 1377
1257 1258 508 509
1377 1378 1943 1944
49 50 179 180
1970 1971 1066 1067
1897 1898 761 762
1258 1259 553 554
696 697 803 804
1391 1392 808 809
443 444 1609 1610
1083 1084 1108 1109
377 378 254 255
1824 1825 85 86
688 689 1334 1335
1348 1349 1364 1365
1190 1191 1997 1998
570 571 1864 1865
833 834 1484 1485
1978 1979 295 296
1334 1335 850 851
1221 1222 584 585
805 806 133 134
62 63 1159 1160
1589 1590 1953 1954
417 418 1487 1488
1032 1033 1876 1877
217 218 1386 1387
151 152 353 354
1860 1861 813 814
1180 1181 1373 1374
942 943 1674 1675
520 521 1856 1857
478 479 1730 1731
1198 1199 1536 1537
1190 1191 872 873
1176 1177 1927 1928
470 471 403 404
490 491 74 75
419 420 1840 1841
157 158 1146 1147
790 791 131 132
1015 1016 118 119
1289 1290 938 939
1312 1313 1099 1100
292 293 251 252
808 809 1377 1378
1848 1849 559 560
137 138 1246 1247
1227 1228 168 169
84 85 557 558
747 748 496 497
1264 1265 1647 1648
1161 1162 120 121
1270 1271 1108 1109
1440 1441 1721 1722
1690 1691 513 514
1554 1555 1254 1255
371 372 1775 1776
349 350 1075 1076
964 965 640 641
1474 1475 844 845
1499 1500 543 544
1812 1813 1873 1874
30 31 1968 1969
1015 1016 309 310
1402 1403 1941 1942
1727 1728 1847 1848
1309 1310 471 472
1211 1212 1596 1597
1650 1651 392 393
1825 1826 593 594
474 475 1926 1927
462 463 772 773
708 709 921 922
946 947 1291 1292
707 708 1263 1264
797 798 108 109
409 410 59 60
241 242 625 626
1168 1169 1889 1890
1463 1464 836 837
456 457 272 273
1917 1918 1160 1161
172 173 1876 1877
1557 1558 1361 1362
235 236 820 821
496 497 828 829
9 10 1969 1970
1644 1645 1254 1255
381 382 1445 1446
224 225 312 313
817 818 769 770
750 751 541 542
1993 1994 1411 1412
369 370 1196 1197
1269 1270 786 787
1141 1142 1493 1494
1211 1212 1549 1550
370 371 366 367
253 254 1657 1658
1525 1526 1884 1885
1571 1572 398 399
757 758 1549 1550
1663 1664 1447 1448
1224 1225 423 424
1365 1366 349 350
180 181 1681 1682
1585 1586 1579 1580
1009 1010 1469 1470
660 661 639 640
1815 1816 1202 1203
958 959 1054 1055
520 521 1973 1974
1574 1575 892 893
598 599 622 623
60 61 1747 1748
263 264 706 707
243 244 309 310
1580 1581 301 302
1395 1396 1230 1231
1305 1306 1934 1935
224 225 1813 1814
644 645 811 812
856 857 978 979
1556 1557 962 963
834 835 1756 1757
985 986 1640 1641
1918 1919 276 277
1176 1177 873 874
445 446 1390 1391
423 424 874 875
1808 1809 625 626
1861 1862 266 267
1804 1805 847 848
643 644 492 493
784 785 174 175
299 300 1563 1564
664 665 649 650
310 311 258 259
573 574 799 800
676 677 874 875
1052 1053 1654 1655
1227 1228 895 896
985 986 1937 1938
1951 1952 1769 1770
1139 1140 1649 1650
449 450 1450 1451
56 57 1552 1553
162 163 1668 1669
808 809 290 291
168 169 919 920
1351 1352 77 78
1076 1077 1980 1981
1140 1141 208 209
735 736 1881 1882
1906 1907 299 300
163 164 1483 1484
32 33 879 880
276 277 1529 1530
212 213 717 718
1516 1517 272 273
925 926 1693 1694
1907 1908 226 227
586 587 904 905
1626 1627 130 131
1340 1341 979 980
519 520 1041 1042
808 809 86 87
1699 1700 844 845
289 290 789 790
263 264 931 932
615 616 1997 1998
1707 1708 695 696
37 38 126 127
1848 1849 541 542
1601 1602 1668 1669
1801 1802 9 10
692 693 1293 1294
1215 1216 216 217
567 568 949 950
1503 1504 965 966
240 241 1962 1963
1170 1171 904 905
1927 1928 1250 1251
934 935 1118 1119
1890 1891 1396 1397
500 501 1874 1875
77 78 964 965
197 198 360 361
956 957 714 715
292 293 704 705
1023 1024 718 719
1682 1683 716 717
1194 1195 447 448
851 852 1668 1669
1110 1111 988 989
230 231 1436 1437
129 130 1792 1793
619 620 899 900
1033 1034 1808 1809
88 89 430 431
78 79 1577 1578
959 960 253 254
1617 1618 648 649
1851 1852 111 112
705 706 1629 1630
574 575 902 903
846 847 1688 1689
664 665 236 237
1371 1372 1851 1852
1200 1201 1730 1731
1995 1996 1187 1188
698 699 1791 1792
852 853 607 608
1023 1024 1996 1997
1983 1984 697 698
59 60 1473 1474
1797 1798 1108 1109
1940 1941 1623 1624
750 751 1207 1208
1606 1607 1607 1608
1459 1460 1601 1602
1888 1889 203 204
1709 1710 1518 1519
312 313 34 35
430 431 277 278
1194 1195 1256 1257
949 950 732 733
597 598 1821 1822
441 442 287 288
373 374 1444 1445
1794 1795 844 845
1481 1482 326 327
1711 1712 226 227
925 926 294 295
1089 1090 1183 1184
1576 1577 1095 1096
1427 1428 945 946
1975 1976 100 101
275 276 1920 1921
499 500 158 159
800 801 792 793
1266 1267 804 805
1712 1713 720 721
553 554 65 66
633 634 219 220
1279 1280 1860 1861
1256 1257 1320 1321
267 268 1251 1252
1381 1382 1073 1074
1381 1382 1075 1076
674 675 463 464
423 424 843 844
1313 1314 281 282
1599 1600 1948 1949
668 669 683 684
843 844 366 367
1095 1096 853 854
1679 1680 239 240
1585 1586 549 550
541 542 681 682
708 709 1457 1458
1457 1458 1578 1579
549 550 1738 1739
381 382 1099 1100
634 635 899 900
123 124 1445 1446
1091 1092 1636 1637
470 471 1225 1226
335 336 1011 1012
1828 1829 1454 1455
721 722 1408 1409
1024 1025 1399 1400
758 759 142 143
1958 1959 1848 1849
1721 1722 1443 1444
837 838 1938 1939
1653 1654 1599 1600
1170 1171 393 394
759 760 1381 1382
1936 1937 101 102
1082 1083 1497 1498
1227 1228 824 825
1073 1074 5 6
1711 1712 82 83
769 770 449 450
1797 1798 1383 1384
613 614 335 336
714 715 1782 1783
932 933 1683 1684
255 256 1466 1467
1786 1787 1491 1492
1465 1466 611 612
1441 1442 546 547
1624 1625 1083 1084
1552 1553 1993 1994
480 481 1313 1314
764 765 1366 1367
1635 1636 18 19
255 256 523 524
1401 1402 477 478
200 201 1486 1487
1186 1187 49 50
945 946 1036 1037
1319 1320 1508 1509
947 948 252 253
140 141 475 476
349 350 1808 1809
1717 1718 1970 1971
1267 1268 1224 1225
653 654 1655 1656
388 389 1946 1947
11 12 1024 1025
1741 1742 1230 1231
1079 1080 818 819
1573 1574 1023 1024
702 703 1739 1740
1354 1355 125 126
1017 1018 1944 1945
1861 1862 1556 1557
402 403 1229 1230
1918 1919 1318 1319
857 858 433 434
81 82 1334 1335
464 465 366 367
1551 1552 1109 1110
230 231 1020 1021
1381 1382 1433 1434
520 521 19 20
1701 1702 277 278
789 790 1521 1522
161 162 1874 1875
1878 1879 586 587
191 192 1708 1709
301 302 1599 1600
179 180 1445 1446
303 304 1787 1788
1228 1229 348 349
1552 1553 1651 1652
238 239 1471 1472
1045 1046 878 879
1781 1782 1334 1335
1917 1918 593 594
599 600 1995 1996
1343 1344 1908 1909
1959 1960 720 721
1021 1022 1250 1251
1642 1643 1993 1994
384 385 314 315
1164 1165 1327 1328
1470 1471 1957 1958
10 11 1595 1596
1588 1589 212 213
1877 1878 1504 1505
1675 1676 146 147
988 989 491 492
782 783 222 223
31 32 784 785
1024 1025 690 691
1250 1251 1641 1642
1080 1081 1535 1536
971 972 199 200
1701 1702 1709 1710
558 559 685 686
1650 1651 169 170
1240 1241 1256 1257
465 466 632 633
779 780 1762 1763
1691 1692 1308 1309
341 342 1500 1501
422 423 34 35
1957 1958 1684 1685
1385 1386 494 495
1191 1192 7 8
360 361 1659 1660
649 650 1237 1238
1434 1435 1521 1522
980 981 816 817
1537 1538 1750 1751
985 986 1152 1153
64 65 1497 1498
927 928 1034 1035
1850 1851 621 622
572 573 11 12
111 112 75 76
1589 1590 872 873
1210 1211 898 899
1040 1041 1771 1772
628 629 137 138
1067 1068 173 174
1281 1282 1231 1232
57 58 679 680
1857 1858 35 36
1211 1212 741 742
1941 1942 1691 1692
1191 1192 508 509
1426 1427 160 161
1077 1078 1707 1708
815 816 1505 1506
1182 1183 629 630
1366 1367 333 334
228 229 1577 1578
1768 1769 989 990
1513 1514 1139 1140
110 111 1614 1615
364 365 1240 1241
572 573 1561 1562
275 276 1289 1290
503 504 948 949
360 361 1325 1326
953 954 1630 1631
1227 1228 888 889
571 572 1230 1231
1693 1694 385 386
1013 1014 654 655
746 747 288 289
606 607 1844 1845
1677 1678 1007 1008
1646 1647 1300 1301
1800 1801 634 635
1090 1091 1504 1505
55 56 912 913
437 438 1548 1549
1733 1734 693 694
791 792 1599 1600
1862 1863 71 72
592 593 577 578
1168 1169 1776 1777
1512 1513 1175 1176
717 718 1441 1442
882 883 500 501
386 387 128 129
83 84 646 647
1469 1470 688 689
140 141 1729 1730
32 33 52 53
423 424 160 161
1053 1054 393 394
508 509 358 359
489 490 21 22
1485 1486 1192 1193
1342 1343 777 778
627 628 682 683
1035 1036 318 319
653 654 485 486
1795 1796 757 758
1407 1408 1100 1101
607 608 231 232
195 196 1908 1909
40 41 1019 1020
767 768 602 603
1396 1397 210 211
538 539 1482 1483
1900 1901 1917 1918
1520 1521 460 461
780 781 465 466
1178 1179 1275 1276
846 847 1795 1796
654 655 1159 1160
314 315 1003 1004
300 301 1113 1114
1885 1886 1076 1077
520 521 1098 1099
1782 1783 1142 1143
1241 1242 1395 1396
1924 1925 1817 1818
955 956 1226 1227
156 157 1752 1753
1936 1937 120 121
1327 1328 24 25
1799 1800 431 432
1349 1350 90 91
1882 1883 1901 1902
208 209 901 902
967 968 294 295
675 676 1591 1592
660 661 80 81
1724 1725 169 170
1491 1492 1240 1241
1349 1350 1398 1399
1032 1033 1932 1933
176 177 816 817
36 37 936 937
1950 1951 1950 1951
1740 1741 745 746
880 881 1712 1713
1329 1330 1667 1668
331 332 857 858
1997 1998 591 592
564 565 488 489
731 732 1109 1110
1493 1494 305 306
973 974 1467 1468
1516 1517 1549 1550
943 944 860 861
133 134 1357 1358
1679 1680 209 210
259 260 520 521
1879 1880 1729 1730
213 214 619 620
259 260 1574 1575
619 620 1091 1092
163 164 558 559
434 435 1362 1363
552 553 1523 1524
1636 1637 1021 1022
534 535 498 499
1211 1212 627 628
1179 1180 188 189
1810 1811 80 81
598 599 515 516
1133 1134 1361 1362
880 881 1660 1661
1589 1590 308 309
834 835 1631 1632
1992 1993 1873 1874
584 585 51 52
1902 1903 1212 1213
1615 1616 313 314
881 882 1855 1856
151 152 430 431
376 377 1433 1434
1428 1429 417 418
453 454 1309 1310
165 166 455 456
781 782 1880 1881
964 965 1505 1506
667 668 1576 1577
1037 1038 1588 1589
1289 1290 1378 1379
1619 1620 1651 1652
1250 1251 1022 1023
757 758 1557 1558
1158 1159 1512 1513
909 910 85 86
1875 1876 181 182
1709 1710 503 504
1992 1993 1591 1592
1093 1094 365 366
1630 1631 1812 1813
1759 1760 747 748
946 947 107 108
1256 1257 1003 1004
1869 1870 1597 1598
1895 1896 120 121
742 743 1640 1641
1747 1748 1462 1463
48 49 1429 1430
1678 1679 1991 1992
1557 1558 1495 1496
292 293 895 896
1008 1009 1602 1603
612 613 1838 1839
444 445 1678 1679
1028 1029 1311 1312
1819 1820 936 937
741 742 1011 1012
449 450 209 210
1956 1957 918 919
1184 1185 1002 1003
1030 1031 1083 1084
1836 1837 1784 1785
634 635 1562 1563
1192 1193 1733 1734
638 639 307 308
537 538 89 90
713 714 1467 1468
1650 1651 172 173
1578 1579 804 805
1552 1553 579 580
1844 1845 1525 1526
520 521 1785 1786
1628 1629 1694 1695
420 421 670 671
1684 1685 949 950
1477 1478 633 634
1596 1597 1136 1137
1372 1373 1525 1526
1917 1918 1595 1596
1278 1279 552 553
1711 1712 367 368
837 838 1721 1722
872 873 1435 1436
1606 1607 960 961
1240 1241 1544 1545
688 689 357 358
935 936 1386 1387
1018 1019 1694 1695
692 693 1592 1593
1211 1212 1950 1951
1373 1374 1456 1457
1481 1482 1397 1398
340 341 1277 1278
1605 1606 87 88
268 269 1632 1633
527 528 1050 1051
875 876 1896 1897
266 267 735 736
1607 1608 1891 1892
777 778 1034 1035
294 295 954 955
1480 1481 909 910
557 558 573 574
1424 1425 618 619
1297 1298 1924 1925
1522 1523 825 826
815 816 271 272
1791 1792 1230 1231
464 465 376 377
1143 1144 270 271
1851 1852 966 967
1256 1257 1735 1736
653 654 171 172
732 733 889 890
949 950 1795 1796
215 216 1914 1915
58 59 1790 1791
790 791 353 354
792 793 1592 1593
36 37 1219 1220
404 405 15 16
319 320 1485 1486
589 590 364 365
313 314 927 928
1721 1722 518 519
1573 1574 788 789
1625 1626 753 754
698 699 1025 1026
513 514 565 566
1694 1695 1451 1452
1786 1787 1735 1736
191 192 475 476
1675 1676 119 120
457 458 793 794
589 590 496 497
130 131 145 146
1350 1351 1373 1374
1628 1629 595 596
620 621 571 572
1289 1290 1672 1673
493 494 1502 1503
913 914 1779 1780
370 371 1940 1941
823 824 1313 1314
1669 1670 1841 1842
1193 1194 636 637
598 599 799 800
1086 1087 1247 1248
919 920 106 107
1390 1391 556 557
1361 1362 1597 1598
1095 1096 1224 1225
1545 1546 812 813
225 226 394 395
1695 1696 638 639
1554 1555 953 954
1616 1617 590 591
1842 1843 406 407
769 770 856 857
1391 1392 1548 1549
1480 1481 147 148
1295 1296 1357 1358
245 246 341 342
1065 1066 1953 1954
262 263 984 985
1960 1961 838 839
907 908 1404 1405
1142 1143 1556 1557
539 540 1095 1096
1544 1545 1033 1034
1632 1633 1211 1212
125 126 1923 1924
163 164 1065 1066
1625 1626 1248 1249
1176 1177 813 814
1386 1387 978 979
1609 1610 1331 1332
652 653 760 761
1650 1651 303 304
1836 1837 1981 1982
803 804 893 894
1129 1130 1295 1296
128 129 1158 1159
586 587 1822 1823
107 108 1243 1244
976 977 650 651
230 231 562 563
1322 1323 1880 1881
1022 1023 1039 1040
354 355 162 163
1443 1444 192 193
1334 1335 1637 1638
1226 1227 716 717
1059 1060 1249 1250
533 534 8 9
337 338 1339 1340
1070 1071 158 159
595 596 932 933
953 954 931 932
250 251 929 930
491 492 308 309
486 487 1681 1682
868 869 909 910
1894 1895 427 428
1153 1154 969 970
940 941 1060 1061
613 614 834 835
831 832 504 505
1563 1564 1239 1240
579 580 660 661
1542 1543 1927 1928
1923 1924 104 105
610 611 962 963
329 330 819 820
1693 1694 262 263
574 575 1287 1288
1115 1116 963 964
227 228 635 636
840 841 1615 1616
1252 1253 1072 1073
1735 1736 1172 1173
1047 1048 1526 1527
1310 1311 531 532
1573 1574 1183 1184
880 881 670 671
657 658 248 249
285 286 799 800
63 64 412 413
1679 1680 883 884
800 801 1926 1927
11 12 468 469
1392 1393 1294 1295
1873 1874 1667 1668
1259 1260 717 718
858 859 1269 1270
1714 1715 427 428
1860 1861 318 319
1158 1159 885 886
866 867 1494 1495
1124 1125 1264 1265
139 140 2 3
286 287 1974 1975
664 665 1378 1379
1682 1683 1990 1991
1317 1318 1116 1117
988 989 814 815
904 905 499 500
1043 1044 1892 1893
560 561 1067 1068
826 827 1126 1127
903 904 1361 1362
1780 1781 1889 1890
200 201 1654 1655
1704 1705 1409 1410
1474 1475 126 127
1632 1633 1040 1041
1887 1888 486 487
240 241 350 351
1614 1615 212 213
1338 1339 1114 1115
229 230 1525 1526
776 777 666 667
1922 1923 364 365
1562 1563 88 89
1995 1996 791 792
997 998 1040 1041
139 140 292 293
461 462 206 207
606 607 861 862
1779 1780 552 553
838 839 1405 1406
1190 1191 1111 1112
823 824 130 131
841 842 664 665
372 373 352 353
1050 1051 514 515
1583 1584 1041 1042
1829 1830 1610 1611
361 362 1139 1140
1179 1180 551 552
509 510 1611 1612
667 668 1861 1862
1472 1473 1359 1360
624 625 1380 1381
1165 1166 1394 1395
1626 1627 397 398
880 881 1464 1465
959 960 1901 1902
821 822 1039 1040
1156 1157 674 675
237 238 1191 1192
1979 1980 191 192
1734 1735 855 856
1923 1924 322 323
614 615 11 12
1343 1344 1779 1780
1287 1288 1450 1451
193 194 1545 1546
759 760 696 697
450 451 1246 1247
1225 1226 663 664
1908 1909 768 769
711 712 1015 1016
1398 1399 301 302
1585 1586 1744 1745
278 279 363 364
1135 1136 872 873
1001 1002 1811 1812
386 387 1623 1624
1895 1896 98 99
1707 1708 819 820
171 172 896 897
1190 1191 893 894
1717 1718 1542 1543
720 721 612 613
1258 1259 984 985
678 679 1134 1135
1795 1796 678 679
389 390 1919 1920
1237 1238 1180 1181
326 327 725 726
1719 1720 819 820
982 983 357 358
1723 1724 386 387
979 980 1791 1792
1886 1887 461 462
1128 1129 1757 1758
201 202 1726 1727
1217 1218 1107 1108
1013 1014 256 257
777 778 1443 1444
1436 1437 474 475
1400 1401 28 29
1602 1603 323 324
271 272 1977 1978
590 591 364 365
1514 1515 321 322
946 947 1032 1033
1751 1752 796 797
751 752 110 111
1264 1265 1190 1191
306 307 1161 1162
1948 1949 1524 1525
1520 1521 1282 1283
753 754 727 728
1951 1952 467 468
1299 1300 916 917
38 39 785 786
1733 1734 822 823
1670 1671 1801 1802
1903 1904 143 144
156 157 1811 1812
731 732 261 262
882 883 863 864
368 369 649 650
1823 1824 1722 1723
577 578 1267 1268
1264 1265 1212 1213
1387 1388 1638 1639
801 802 1040 1041
291 292 573 574
1871 1872 386 387
643 644 936 937
937 938 1290 1291
1525 1526 1662 1663
1323 1324 1283 1284
579 580 984 985
1614 1615 1795 1796
1298 1299 773 774
1677 1678 1750 1751
1973 1974 950 951
876 877 1389 1390
558 559 1585 1586
21 22 93 94
168 169 528 529
1936 1937 1742 1743
305 306 1647 1648
299 300 210 211
427 428 1115 1116
1318 1319 1747 1748
1728 1729 1841 1842
74 75 1317 1318
1730 1731 1822 1823
1636 1637 968 969
1085 1086 199 200
712 713 644 645
1703 1704 1087 1088
740 741 1821 1822
1229 1230 607 608
1455 1456 1104 1105
1955 1956 1203 1204
610 611 515 516
139 140 1704 1705
1739 1740 1795 1796
1051 1052 294 295
1347 1348 1738 1739
1680 1681 1156 1157
654 655 1958 1959
460 461 1842 1843
117 118 929 930
905 906 978 979
584 585 77 78
1234 1235 392 393
1873 1874 276 277
123 124 737 738
400 401 178 179
886 887 1820 1821
286 287 1989 1990
1354 1355 915 916
489 490 751 752
1471 1472 852 853
1377 1378 1395 1396
705 706 383 384
1503 1504 452 453
1371 1372 1293 1294
1530 1531 1581 1582
1876 1877 59 60
801 802 483 484
1265 1266 57 58
1723 1724 551 552
993 994 1131 1132
1303 1304 905 906
1236 1237 1361 1362
454 455 1263 1264
228 229 1078 1079
467 468 1703 1704
1017 1018 319 320
1145 1146 826 827
747 748 731 732
371 372 1539 1540
256 257 847 848
1501 1502 1616 1617
1024 1025 253 254
1934 1935 1645 1646
406 407 1142 1143
1917 1918 752 753
779 780 250 251
247 248 1745 1746
1429 1430 1072 1073
950 951 139 140
1251 1252 1539 1540
734 735 551 552
1090 1091 726 727
1371 1372 1729 1730
219 220 389 390
145 146 914 915
1288 1289 1283 1284
1759 1760 1466 1467
1834 1835 1835 1836
1860 1861 135 136
1325 1326 975 976
114 115 171 172
567 568 1211 1212
1009 1010 1143 1144
833 834 227 228
1477 1478 1199 1200
668 669 1109 1110
1423 1424 1329 1330
1231 1232 1570 1571
804 805 192 193
558 559 933 934
300 301 1051 1052
471 472 1806 1807
1657 1658 832 833
264 265 471 472
401 402 1618 1619
1721 1722 1862 1863
466 467 1041 1042
624 625 849 850
282 283 1845 1846
161 162 1076 1077
400 401 1260 1261
703 704 1902 1903
1167 1168 1664 1665
254 255 297 298
535 536 357 358
1508 1509 1963 1964
894 895 1932 1933
1067 1068 1244 1245
1691 1692 518 519
488 489 1843 1844
1559 1560 1918 1919
318 319 783 784
1083 1084 306 307
250 251 1372 1373
1254 1255 1786 1787
1069 1070 1265 1266
1228 1229 1676 1677
127 128 1654 1655
64 65 1170 1171
789 790 1569 1570
1920 1921 1640 1641
1995 1996 1428 1429
1218 1219 485 486
1288 1289 214 215
148 149 910 911
1869 1870 1748 1749
413 414 1075 1076
1178 1179 335 336
1933 1934 88 89
1997 1998 62 63
105 106 806 807
323 324 61 62
937 938 990 991
178 179 1175 1176
1514 1515 1195 1196
817 818 1445 1446
824 825 1439 1440
774 775 1138 1139
1537 1538 417 418
532 533 1509 1510
373 374 1585 1586
1043 1044 1841 1842
1332 1333 316 317
1474 1475 1943 1944
1811 1812 18 19
898 899 539 540
716 717 725 726
748 749 1553 1554
451 452 1088 1089
394 395 1930 1931
1114 1115 1722 1723
702 703 400 401
332 333 417 418
1697 1698 207 208
70 71 1505 1506
494 495 677 678
60 61 1303 1304
1336 1337 1404 1405
723 724 533 534
1085 1086 1937 1938
737 738 993 994
1797 1798 133 134
1636 1637 874 875
1718 1719 100 101
1912 1913 82 83
704 705 1498 1499
1351 1352 1676 1677
554 555 1175 1176
36 37 499 500
1652 1653 815 816
1531 1532 393 394
1821 1822 1364 1365
368 369 1926 1927
471 472 784 785
1648 1649 922 923
1552 1553 1155 1156
1473 1474 1572 1573
814 815 1636 1637
959 960 1365 1366
34 35 560 561
532 533 867 868
58 59 353 354
1628 1629 1567 1568
1824 1825 858 859
752 753 881 882
1103 1104 689 690
512 513 505 506
347 348 529 530
399 400 1545 1546
1666 1667 1472 1473
1601 1602 508 509
241 242 535 536
1450 1451 622 623
1242 1243 1550 1551
320 321 1020 1021
73 74 381 382
587 588 807 808
669 670 1083 1084
1845 1846 1649 1650
518 519 86 87
763 764 181 182
663 664 1021 1022
341 342 771 772
1404 1405 1545 1546
1842 1843 633 634
776 777 826 827
1618 1619 1656 1657
1700 1701 882 883
445 446 832 833
52 53 393 394
1462 1463 1838 1839
288 289 954 955
1417 1418 1405 1406
1863 1864 138 139
576 577 4 5
1492 1493 470 471
378 379 1160 1161
929 930 864 865
930 931 1308 1309
1914 1915 1739 1740
412 413 1168 1169
1711 1712 1108 1109
1080 1081 1281 1282
1671 1672 146 147
572 573 719 720
1150 1151 797 798
475 476 851 852
69 70 1296 1297
1668 1669 1439 1440
704 705 1669 1670
1131 1132 1732 1733
1679 1680 1816 1817
1046 1047 1848 1849
1523 1524 821 822
1981 1982 1179 1180
222 223 142 143
1045 1046 1756 1757
1171 1172 685 686
993 994 518 519
196 197 1261 1262
459 460 1820 1821
1712 1713 773 774
1547 1548 1071 1072
1115 1116 450 451
94 95 1661 1662
1203 1204 340 341
610 611 1608 1609
1514 1515 513 514
646 647 817 818
375 376 1596 1597
661 662 548 549
817 818 1800 1801
704 705 429 430
559 560 348 349
69 70 970 971
1616 1617 72 73
1075 1076 546 547
1140 1141 1720 1721
661 662 1975 1976
229 230 1957 1958
1704 1705 254 255
476 477 1869 1870
1975 1976 943 944
1895 1896 171 172
838 839 1025 1026
1153 1154 1282 1283
879 880 685 686
737 738 1801 1802
617 618 1115 1116
1821 1822 756 757
1122 1123 1584 1585
109 110 758 759
936 937 1201 1202
496 497 1943 1944
777 778 1191 1192
679 680 1875 1876
1705 1706 344 345
1623 1624 95 96
1260 1261 81 82
348 349 1787 1788
272 273 1733 1734
318 319 634 635
1528 1529 1808 1809
1320 1321 1564 1565
1001 1002 1895 1896
176 177 1788 1789
279 280 1293 1294
947 948 1611 1612
420 421 1205 1206
1069 1070 1928 1929
1041 1042 164 165
1557 1558 1156 1157
600 601 1603 1604
1334 1335 1583 1584
1073 1074 222 223
1739 1740 1108 1109
177 178 912 913
231 232 1710 1711
1932 1933 998 999
294 295 1898 1899
1129 1130 438 439
1138 1139 1914 1915
1280 1281 134 135
356 357 710 711
1449 1450 998 999
1256 1257 1149 1150
1029 1030 167 168
1942 1943 1183 1184
999 1000 1209 1210
116 117 1737 1738
1416 1417 717 718
686 687 1418 1419
210 211 434 435
198 199 1799 1800
553 554 921 922
1286 1287 1319 1320
629 630 1666 1667
853 854 1624 1625
301 302 1887 1888
1257 1258 1189 1190
618 619 843 844
957 958 145 146
1216 1217 781 782
1856 1857 1921 1922
661 662 881 882
1344 1345 1263 1264
1672 1673 344 345
664 665 191 192
215 216 1515 1516
1271 1272 852 853
682 683 1587 1588
956 957 1724 1725
826 827 1939 1940
1368 1369 159 160
1854 1855 566 567
407 408 299 300
1336 1337 1871 1872
1654 1655 997 998
26 27 1328 1329
111 112 964 965
322 323 568 569
624 625 808 809
852 853 899 900
978 979 202 203
1577 1578 83 84
492 493 123 124
1074 1075 1953 1954
740 741 1438 1439
1473 1474 874 875
1597 1598 214 215
486 487 797 798
1021 1022 265 266
1845 1846 322 323
22 23 775 776
306 307 1677 1678
1172 1173 247 248
1150 1151 682 683
1458 1459 1048 1049
1665 1666 889 890
440 441 1056 1057
991 992 1797 1798
398 399 93 94
1310 1311 480 481
227 228 169 170
1550 1551 315 316
1400 1401 602 603
1958 1959 1837 1838
140 141 945 946
811 812 490 491
631 632 1372 1373
1647 1648 643 644
144 145 1169 1170
1457 1458 577 578
1339 1340 201 202
535 536 1522 1523
1042 1043 1502 1503
1411 1412 560 561
1439 1440 627 628
114 115 1612 1613
1142 1143 1650 1651
142 143 810 811
1738 1739 631 632
1665 1666 614 615
71 72 1258 1259
1162 1163 1143 1144
1321 1322 467 468
1352 1353 1822 1823
1946 1947 440 441
60 61 1995 1996
1183 1184 1151 1152
1422 1423 636 637
1883 1884 471 472
61 62 85 86
687 688 177 178
1116 1117 1783 1784
1607 1608 922 923
34 35 1614 1615
283 284 1239 1240
303 304 910 911
705 706 231 232
813 814 712 713
241 242 83 84
897 898 1838 1839
609 610 628 629
595 596 1385 1386
850 851 1049 1050
1677 1678 608 609
51 52 1719 1720
346 347 393 394
1119 1120 1057 1058
854 855 1248 1249
1160 1161 1527 1528
1958 1959 369 370
605 606 192 193
1788 1789 1297 1298
1039 1040 272 273
422 423 15 16
875 876 1704 1705
994 995 1382 1383
542 543 412 413
410 411 1578 1579
107 108 32 33
1475 1476 1802 1803
290 291 152 153
259 260 855 856
257 258 1850 1851
1242 1243 1129 1130
1004 1005 955 956
756 757 1494 1495
1623 1624 1590 1591
1995 1996 1057 1058
56 57 138 139
1313 1314 166 167
703 704 370 371
215 216 486 487
1666 1667 1053 1054
236 237 1470 1471
864 865 1292 1293
1172 1173 173 174
135 136 1733 1734
1177 1178 744 745
568 569 1881 1882
1272 1273 1410 1411
1053 1054 401 402
1209 1210 1083 1084
1522 1523 1571 1572
91 92 1929 1930
1920 1921 606 607
599 600 834 835
542 543 1934 1935
116 117 608 609
1084 1085 1516 1517
590 591 265 266
1817 1818 1979 1980
1633 1634 1569 1570
307 308 381 382
1543 1544 355 356
1066 1067 343 344
512 513 1663 1664
721 722 1640 1641
848 849 408 409
1192 1193 210 211
790 791 362 363
1667 1668 484 485
1091 1092 710 711
237 238 445 446
919 920 471 472
1321 1322 1674 1675
170 171 265 266
769 770 1425 1426
69 70 394 395
871 872 429 430
463 464 1893 1894
267 268 1486 1487
394 395 1125 1126
1408 1409 881 882
904 905 88 89
1103 1104 888 889
39 40 227 228
630 631 681 682
1151 1152 310 311
99 100 684 685
636 637 1904 1905
1693 1694 1503 1504
265 266 165 166
546 547 899 900
191 192 473 474
1713 1714 1517 1518
1947 1948 908 909
512 513 1914 1915
1340 1341 536 537
1059 1060 829 830
473 474 487 488
197 198 1812 1813
39 40 900 901
1651 1652 1811 1812
1161 1162 372 373
1779 1780 1149 1150
575 576 404 405
138 139 1643 1644
181 182 641 642
1396 1397 1143 1144
